@version 40102
@ title "Anomalous differences"
@with G0
@  world xmin   -4.0000
@  world xmax    4.0000
@  world ymin   -5.0000
@  world ymax    5.0000
@  view xmin    0.0500
@  view xmax    0.6500
@  view ymin    0.1500
@  view ymax    0.8500
@  xaxis  tick on
@  xaxis  tick major    1.0000
@  xaxis  label "Delta(expected)"
@  xaxis  tick major grid on
@  xaxis  tick minor ticks 0
@  yaxis  tick on
@  yaxis  tick major    1.0000
@  yaxis  label "Delta(observed)"
@  yaxis  tick major grid on
@  yaxis  tick minor ticks 0
@  legend loctype world
@  legend x1     0.800
@  legend y1     0.000
@  legend color 1
@  legend vgap 2
@  legend hgap 1
@  legend length 1
@  legend font 4
@  legend char size 0.8
@  legend on
@G0 on
@  s0 type xy
@  s0  symbol size    0.5000
@  s0  symbol fill  0
@  s0  symbol 2
@  s0  symbol color   1
@  s0  linestyle 0
@  s0  color   1
@  legend string   0 "New"
   -3.7147   -4.7248
   -3.5838   -4.7079
   -3.4948   -4.5142
   -3.4273   -4.3623
   -3.3724   -4.3104
   -3.3261   -4.2111
   -3.2860   -4.0214
   -3.2506   -3.9515
   -3.2188   -3.9425
   -3.1900   -3.8982
   -3.1636   -3.8935
   -3.1393   -3.7341
   -3.1167   -3.7115
   -3.0955   -3.6615
   -3.0757   -3.5889
   -3.0570   -3.5660
   -3.0393   -3.4892
   -3.0225   -3.3886
   -3.0066   -3.3586
   -2.9913   -3.3563
   -2.9768   -3.3514
   -2.9628   -3.3334
   -2.9494   -3.3237
   -2.9365   -3.3178
   -2.9241   -3.2994
   -2.9120   -3.2653
   -2.9005   -3.2441
   -2.8892   -3.1853
   -2.8784   -3.1629
   -2.8679   -3.1624
   -2.8576   -3.1474
   -2.8477   -3.1326
   -2.8380   -3.1094
   -2.8286   -3.1081
   -2.8195   -3.1011
   -2.8105   -3.0901
   -2.8018   -3.0324
   -2.7933   -3.0292
   -2.7850   -3.0264
   -2.7769   -2.9709
   -2.7690   -2.9647
   -2.7612   -2.9633
   -2.7536   -2.9598
   -2.7462   -2.9172
   -2.7389   -2.9122
   -2.7317   -2.8805
   -2.7247   -2.8763
   -2.7178   -2.8730
   -2.7111   -2.8705
   -2.7044   -2.8141
   -2.6979   -2.8054
   -2.6915   -2.7733
   -2.6852   -2.7243
   -2.6790   -2.7231
   -2.6729   -2.6933
   -2.6669   -2.6841
   -2.6610   -2.6713
   -2.6552   -2.6706
   -2.6495   -2.6541
   -2.6438   -2.6451
   -2.6383   -2.6434
   -2.6328   -2.5782
   -2.6274   -2.5770
   -2.6221   -2.5764
   -2.6168   -2.5632
   -2.6117   -2.5473
   -2.6065   -2.5320
   -2.6015   -2.5294
   -2.5965   -2.5243
   -2.5916   -2.5062
   -2.5868   -2.5028
   -2.5820   -2.5012
   -2.5772   -2.4934
   -2.5726   -2.4770
   -2.5679   -2.4287
   -2.5634   -2.4103
   -2.5589   -2.4002
   -2.5544   -2.3967
   -2.5500   -2.3929
   -2.5456   -2.3818
   -2.5413   -2.3795
   -2.5371   -2.3718
   -2.5329   -2.3712
   -2.5287   -2.3635
   -2.5245   -2.3615
   -2.5204   -2.3525
   -2.5164   -2.3486
   -2.5124   -2.3435
   -2.5084   -2.3410
   -2.5045   -2.3366
   -2.5006   -2.3350
   -2.4967   -2.3348
   -2.4929   -2.3321
   -2.4892   -2.3252
   -2.4854   -2.3248
   -2.4817   -2.3236
   -2.4780   -2.3235
   -2.4744   -2.3230
   -2.4708   -2.3171
   -2.4672   -2.3115
   -2.4637   -2.3049
   -2.4601   -2.2989
   -2.4567   -2.2974
   -2.4532   -2.2864
   -2.4498   -2.2853
   -2.4464   -2.2807
   -2.4430   -2.2795
   -2.4397   -2.2629
   -2.4363   -2.2593
   -2.4330   -2.2563
   -2.4298   -2.2547
   -2.4265   -2.2511
   -2.4233   -2.2460
   -2.4201   -2.2341
   -2.4170   -2.2162
   -2.4138   -2.2131
   -2.4107   -2.2030
   -2.4076   -2.2015
   -2.4046   -2.2012
   -2.4015   -2.2011
   -2.3985   -2.1985
   -2.3955   -2.1763
   -2.3925   -2.1761
   -2.3895   -2.1704
   -2.3866   -2.1703
   -2.3837   -2.1698
   -2.3808   -2.1586
   -2.3779   -2.1565
   -2.3751   -2.1552
   -2.3722   -2.1522
   -2.3694   -2.1471
   -2.3666   -2.1463
   -2.3638   -2.1386
   -2.3610   -2.1357
   -2.3583   -2.1312
   -2.3555   -2.1270
   -2.3528   -2.1195
   -2.3501   -2.1165
   -2.3475   -2.0998
   -2.3448   -2.0953
   -2.3422   -2.0875
   -2.3395   -2.0819
   -2.3369   -2.0767
   -2.3343   -2.0700
   -2.3317   -2.0678
   -2.3292   -2.0579
   -2.3266   -2.0572
   -2.3241   -2.0495
   -2.3216   -2.0476
   -2.3191   -2.0458
   -2.3165   -2.0457
   -2.3141   -2.0424
   -2.3116   -2.0413
   -2.3092   -2.0402
   -2.3067   -2.0329
   -2.3043   -2.0327
   -2.3019   -2.0204
   -2.2995   -2.0157
   -2.2971   -2.0123
   -2.2947   -2.0051
   -2.2924   -2.0012
   -2.2901   -1.9963
   -2.2877   -1.9924
   -2.2854   -1.9893
   -2.2831   -1.9798
   -2.2808   -1.9768
   -2.2785   -1.9725
   -2.2762   -1.9712
   -2.2740   -1.9707
   -2.2717   -1.9694
   -2.2695   -1.9608
   -2.2673   -1.9599
   -2.2651   -1.9573
   -2.2629   -1.9550
   -2.2607   -1.9529
   -2.2585   -1.9495
   -2.2563   -1.9462
   -2.2541   -1.9435
   -2.2520   -1.9422
   -2.2499   -1.9361
   -2.2477   -1.9336
   -2.2456   -1.9325
   -2.2435   -1.9318
   -2.2414   -1.9310
   -2.2393   -1.9269
   -2.2372   -1.9233
   -2.2352   -1.9196
   -2.2331   -1.9191
   -2.2311   -1.9181
   -2.2290   -1.9179
   -2.2270   -1.9148
   -2.2250   -1.9144
   -2.2229   -1.9119
   -2.2210   -1.9112
   -2.2190   -1.9092
   -2.2170   -1.9063
   -2.2150   -1.9044
   -2.2130   -1.9042
   -2.2111   -1.9020
   -2.2091   -1.9000
   -2.2072   -1.8997
   -2.2052   -1.8993
   -2.2033   -1.8925
   -2.2014   -1.8838
   -2.1995   -1.8733
   -2.1976   -1.8718
   -2.1957   -1.8710
   -2.1938   -1.8694
   -2.1919   -1.8607
   -2.1900   -1.8562
   -2.1882   -1.8525
   -2.1863   -1.8518
   -2.1845   -1.8475
   -2.1826   -1.8444
   -2.1808   -1.8432
   -2.1790   -1.8414
   -2.1771   -1.8396
   -2.1753   -1.8378
   -2.1735   -1.8307
   -2.1717   -1.8303
   -2.1699   -1.8273
   -2.1681   -1.8268
   -2.1664   -1.8267
   -2.1646   -1.8259
   -2.1628   -1.8252
   -2.1611   -1.8252
   -2.1593   -1.8237
   -2.1576   -1.8228
   -2.1558   -1.8215
   -2.1541   -1.8202
   -2.1524   -1.8200
   -2.1507   -1.8198
   -2.1490   -1.8160
   -2.1472   -1.8069
   -2.1455   -1.8051
   -2.1438   -1.8016
   -2.1422   -1.8011
   -2.1405   -1.7920
   -2.1388   -1.7908
   -2.1371   -1.7884
   -2.1355   -1.7869
   -2.1338   -1.7800
   -2.1322   -1.7706
   -2.1305   -1.7661
   -2.1289   -1.7655
   -2.1272   -1.7641
   -2.1256   -1.7629
   -2.1240   -1.7611
   -2.1224   -1.7611
   -2.1208   -1.7534
   -2.1192   -1.7505
   -2.1176   -1.7498
   -2.1160   -1.7495
   -2.1144   -1.7482
   -2.1128   -1.7481
   -2.1112   -1.7478
   -2.1096   -1.7476
   -2.1081   -1.7425
   -2.1065   -1.7310
   -2.1049   -1.7310
   -2.1034   -1.7283
   -2.1018   -1.7265
   -2.1003   -1.7246
   -2.0987   -1.7242
   -2.0972   -1.7236
   -2.0926   -1.7218
   -2.0851   -1.7126
   -2.0836   -1.7041
   -2.0807   -1.6930
   -2.0792   -1.6929
   -2.0777   -1.6926
   -2.0762   -1.6911
   -2.0704   -1.6881
   -2.0675   -1.6838
   -2.0618   -1.6785
   -2.0590   -1.6712
   -2.0575   -1.6708
   -2.0547   -1.6654
   -2.0533   -1.6636
   -2.0505   -1.6619
   -2.0478   -1.6578
   -2.0450   -1.6553
   -2.0436   -1.6541
   -2.0423   -1.6516
   -2.0409   -1.6499
   -2.0368   -1.6489
   -2.0355   -1.6360
   -2.0315   -1.6344
   -2.0261   -1.6205
   -2.0222   -1.6175
   -2.0209   -1.6167
   -2.0196   -1.6164
   -2.0170   -1.6128
   -2.0118   -1.6066
   -2.0092   -1.6057
   -2.0067   -1.6027
   -2.0054   -1.5990
   -2.0041   -1.5972
   -2.0029   -1.5966
   -2.0016   -1.5952
   -1.9991   -1.5898
   -1.9954   -1.5863
   -1.9917   -1.5810
   -1.9892   -1.5801
   -1.9880   -1.5789
   -1.9843   -1.5730
   -1.9831   -1.5711
   -1.9795   -1.5666
   -1.9771   -1.5658
   -1.9759   -1.5633
   -1.9747   -1.5623
   -1.9735   -1.5615
   -1.9723   -1.5614
   -1.9711   -1.5604
   -1.9687   -1.5583
   -1.9664   -1.5505
   -1.9652   -1.5440
   -1.9629   -1.5422
   -1.9617   -1.5397
   -1.9606   -1.5396
   -1.9559   -1.5363
   -1.9548   -1.5350
   -1.9525   -1.5286
   -1.9514   -1.5274
   -1.9502   -1.5268
   -1.9491   -1.5250
   -1.9468   -1.5203
   -1.9446   -1.5184
   -1.9423   -1.5176
   -1.9412   -1.5156
   -1.9390   -1.5150
   -1.9379   -1.5119
   -1.9367   -1.5113
   -1.9356   -1.5081
   -1.9345   -1.5056
   -1.9301   -1.4996
   -1.9291   -1.4991
   -1.9269   -1.4953
   -1.9258   -1.4937
   -1.9247   -1.4923
   -1.9215   -1.4831
   -1.9204   -1.4818
   -1.9182   -1.4803
   -1.9172   -1.4766
   -1.9151   -1.4751
   -1.9119   -1.4729
   -1.9098   -1.4706
   -1.9056   -1.4672
   -1.9024   -1.4614
   -1.9004   -1.4601
   -1.8993   -1.4598
   -1.8983   -1.4588
   -1.8973   -1.4580
   -1.8952   -1.4546
   -1.8932   -1.4529
   -1.8922   -1.4523
   -1.8871   -1.4481
   -1.8861   -1.4465
   -1.8851   -1.4458
   -1.8821   -1.4446
   -1.8811   -1.4409
   -1.8801   -1.4406
   -1.8781   -1.4342
   -1.8771   -1.4341
   -1.8742   -1.4319
   -1.8693   -1.4263
   -1.8683   -1.4244
   -1.8673   -1.4239
   -1.8664   -1.4237
   -1.8654   -1.4229
   -1.8644   -1.4214
   -1.8635   -1.4213
   -1.8625   -1.4205
   -1.8606   -1.4180
   -1.8596   -1.4169
   -1.8587   -1.4151
   -1.8577   -1.4149
   -1.8568   -1.4143
   -1.8558   -1.4127
   -1.8549   -1.4109
   -1.8530   -1.4093
   -1.8501   -1.4083
   -1.8492   -1.4081
   -1.8483   -1.4066
   -1.8473   -1.4043
   -1.8455   -1.4024
   -1.8445   -1.4021
   -1.8436   -1.4007
   -1.8427   -1.3994
   -1.8417   -1.3994
   -1.8408   -1.3962
   -1.8399   -1.3949
   -1.8344   -1.3888
   -1.8335   -1.3858
   -1.8307   -1.3815
   -1.8298   -1.3809
   -1.8289   -1.3794
   -1.8280   -1.3787
   -1.8253   -1.3758
   -1.8244   -1.3758
   -1.8226   -1.3748
   -1.8217   -1.3735
   -1.8209   -1.3732
   -1.8173   -1.3651
   -1.8155   -1.3610
   -1.8146   -1.3605
   -1.8138   -1.3600
   -1.8129   -1.3579
   -1.8111   -1.3510
   -1.8103   -1.3489
   -1.8068   -1.3470
   -1.8059   -1.3462
   -1.8050   -1.3431
   -1.8042   -1.3425
   -1.8033   -1.3414
   -1.8024   -1.3386
   -1.8016   -1.3357
   -1.7990   -1.3349
   -1.7973   -1.3337
   -1.7964   -1.3334
   -1.7947   -1.3329
   -1.7922   -1.3304
   -1.7905   -1.3273
   -1.7888   -1.3262
   -1.7863   -1.3236
   -1.7788   -1.3145
   -1.7780   -1.3121
   -1.7747   -1.3070
   -1.7739   -1.3064
   -1.7690   -1.2999
   -1.7674   -1.2983
   -1.7666   -1.2976
   -1.7658   -1.2973
   -1.7649   -1.2955
   -1.7633   -1.2948
   -1.7625   -1.2938
   -1.7617   -1.2933
   -1.7601   -1.2908
   -1.7577   -1.2892
   -1.7561   -1.2884
   -1.7554   -1.2860
   -1.7546   -1.2832
   -1.7514   -1.2805
   -1.7491   -1.2790
   -1.7459   -1.2752
   -1.7420   -1.2701
   -1.7413   -1.2700
   -1.7382   -1.2658
   -1.7374   -1.2658
   -1.7351   -1.2647
   -1.7343   -1.2643
   -1.7336   -1.2641
   -1.7321   -1.2633
   -1.7313   -1.2629
   -1.7260   -1.2562
   -1.7170   -1.2452
   -1.7148   -1.2423
   -1.7141   -1.2418
   -1.7126   -1.2409
   -1.7097   -1.2366
   -1.7089   -1.2363
   -1.7075   -1.2344
   -1.7002   -1.2271
   -1.6959   -1.2221
   -1.6916   -1.2156
   -1.6902   -1.2152
   -1.6881   -1.2118
   -1.6867   -1.2113
   -1.6846   -1.2099
   -1.6839   -1.2092
   -1.6790   -1.2053
   -1.6783   -1.2047
   -1.6741   -1.1942
   -1.6728   -1.1921
   -1.6693   -1.1875
   -1.6686   -1.1873
   -1.6673   -1.1847
   -1.6659   -1.1843
   -1.6639   -1.1817
   -1.6625   -1.1810
   -1.6605   -1.1802
   -1.6578   -1.1782
   -1.6571   -1.1779
   -1.6558   -1.1757
   -1.6551   -1.1752
   -1.6531   -1.1742
   -1.6511   -1.1734
   -1.6491   -1.1714
   -1.6445   -1.1688
   -1.6439   -1.1688
   -1.6432   -1.1681
   -1.6413   -1.1673
   -1.6406   -1.1670
   -1.6400   -1.1667
   -1.6374   -1.1646
   -1.6354   -1.1619
   -1.6348   -1.1597
   -1.6341   -1.1592
   -1.6283   -1.1500
   -1.6271   -1.1487
   -1.6245   -1.1466
   -1.6232   -1.1462
   -1.6194   -1.1441
   -1.6188   -1.1429
   -1.6182   -1.1419
   -1.6176   -1.1418
   -1.6151   -1.1401
   -1.6132   -1.1320
   -1.6119   -1.1310
   -1.6101   -1.1301
   -1.6095   -1.1300
   -1.6064   -1.1258
   -1.6057   -1.1247
   -1.6051   -1.1230
   -1.6033   -1.1210
   -1.6014   -1.1197
   -1.6002   -1.1191
   -1.5984   -1.1187
   -1.5935   -1.1124
   -1.5929   -1.1105
   -1.5923   -1.1071
   -1.5917   -1.1070
   -1.5911   -1.1066
   -1.5899   -1.1062
   -1.5893   -1.1053
   -1.5887   -1.1046
   -1.5869   -1.1035
   -1.5851   -1.1017
   -1.5827   -1.0986
   -1.5815   -1.0977
   -1.5810   -1.0974
   -1.5780   -1.0926
   -1.5774   -1.0924
   -1.5757   -1.0921
   -1.5727   -1.0896
   -1.5716   -1.0882
   -1.5704   -1.0857
   -1.5692   -1.0831
   -1.5686   -1.0828
   -1.5681   -1.0825
   -1.5657   -1.0804
   -1.5652   -1.0797
   -1.5646   -1.0796
   -1.5634   -1.0762
   -1.5629   -1.0759
   -1.5588   -1.0726
   -1.5560   -1.0699
   -1.5537   -1.0690
   -1.5531   -1.0687
   -1.5503   -1.0650
   -1.5475   -1.0600
   -1.5469   -1.0596
   -1.5447   -1.0572
   -1.5430   -1.0557
   -1.5402   -1.0535
   -1.5391   -1.0531
   -1.5374   -1.0515
   -1.5369   -1.0495
   -1.5352   -1.0453
   -1.5330   -1.0442
   -1.5314   -1.0433
   -1.5308   -1.0423
   -1.5303   -1.0421
   -1.5292   -1.0414
   -1.5275   -1.0402
   -1.5265   -1.0383
   -1.5259   -1.0379
   -1.5237   -1.0362
   -1.5232   -1.0361
   -1.5227   -1.0349
   -1.5216   -1.0329
   -1.5200   -1.0302
   -1.5189   -1.0288
   -1.5183   -1.0268
   -1.5114   -1.0170
   -1.5109   -1.0153
   -1.5098   -1.0145
   -1.5093   -1.0144
   -1.5087   -1.0133
   -1.5082   -1.0127
   -1.5072   -1.0110
   -1.5066   -1.0108
   -1.5061   -1.0104
   -1.5050   -1.0092
   -1.5040   -1.0077
   -1.5019   -1.0048
   -1.5014   -1.0041
   -1.4987   -1.0028
   -1.4941   -0.9959
   -1.4889   -0.9913
   -1.4873   -0.9891
   -1.4863   -0.9887
   -1.4858   -0.9887
   -1.4812   -0.9871
   -1.4777   -0.9836
   -1.4767   -0.9831
   -1.4757   -0.9822
   -1.4741   -0.9804
   -1.4726   -0.9795
   -1.4706   -0.9781
   -1.4701   -0.9776
   -1.4646   -0.9722
   -1.4636   -0.9715
   -1.4631   -0.9713
   -1.4622   -0.9705
   -1.4592   -0.9689
   -1.4587   -0.9687
   -1.4572   -0.9670
   -1.4528   -0.9620
   -1.4523   -0.9616
   -1.4499   -0.9606
   -1.4446   -0.9569
   -1.4417   -0.9540
   -1.4331   -0.9462
   -1.4326   -0.9453
   -1.4289   -0.9422
   -1.4284   -0.9419
   -1.4158   -0.9243
   -1.4153   -0.9243
   -1.4130   -0.9234
   -1.4107   -0.9221
   -1.4098   -0.9205
   -1.4070   -0.9171
   -1.4048   -0.9160
   -1.4039   -0.9155
   -1.4020   -0.9140
   -1.4007   -0.9131
   -1.3984   -0.9105
   -1.3975   -0.9070
   -1.3971   -0.9070
   -1.3939   -0.9043
   -1.3903   -0.9007
   -1.3894   -0.9001
   -1.3859   -0.8975
   -1.3841   -0.8962
   -1.3788   -0.8913
   -1.3757   -0.8902
   -1.3753   -0.8902
   -1.3736   -0.8895
   -1.3688   -0.8849
   -1.3671   -0.8828
   -1.3589   -0.8745
   -1.3487   -0.8661
   -1.3478   -0.8658
   -1.3466   -0.8652
   -1.3462   -0.8650
   -1.3453   -0.8646
   -1.3436   -0.8625
   -1.3424   -0.8615
   -1.3416   -0.8605
   -1.3411   -0.8602
   -1.3399   -0.8586
   -1.3382   -0.8579
   -1.3378   -0.8578
   -1.3361   -0.8574
   -1.3324   -0.8528
   -1.3291   -0.8485
   -1.3283   -0.8483
   -1.3267   -0.8474
   -1.3263   -0.8472
   -1.3250   -0.8469
   -1.3246   -0.8465
   -1.3242   -0.8463
   -1.3218   -0.8444
   -1.3185   -0.8392
   -1.3181   -0.8389
   -1.3165   -0.8365
   -1.3153   -0.8344
   -1.3137   -0.8338
   -1.3113   -0.8322
   -1.3097   -0.8294
   -1.3033   -0.8223
   -1.3029   -0.8222
   -1.2966   -0.8165
   -1.2954   -0.8151
   -1.2942   -0.8141
   -1.2915   -0.8080
   -1.2907   -0.8076
   -1.2895   -0.8067
   -1.2880   -0.8057
   -1.2852   -0.8034
   -1.2833   -0.8022
   -1.2829   -0.8020
   -1.2821   -0.8008
   -1.2794   -0.7981
   -1.2791   -0.7966
   -1.2771   -0.7932
   -1.2756   -0.7920
   -1.2722   -0.7893
   -1.2718   -0.7884
   -1.2714   -0.7882
   -1.2676   -0.7819
   -1.2649   -0.7801
   -1.2638   -0.7795
   -1.2623   -0.7781
   -1.2612   -0.7772
   -1.2597   -0.7758
   -1.2593   -0.7753
   -1.2578   -0.7746
   -1.2574   -0.7745
   -1.2559   -0.7727
   -1.2548   -0.7719
   -1.2529   -0.7709
   -1.2514   -0.7701
   -1.2511   -0.7698
   -1.2492   -0.7690
   -1.2477   -0.7683
   -1.2474   -0.7678
   -1.2404   -0.7631
   -1.2389   -0.7626
   -1.2374   -0.7615
   -1.2338   -0.7595
   -1.2309   -0.7570
   -1.2302   -0.7564
   -1.2295   -0.7562
   -1.2284   -0.7556
   -1.2277   -0.7552
   -1.2266   -0.7539
   -1.2248   -0.7524
   -1.2241   -0.7520
   -1.2230   -0.7513
   -1.2223   -0.7510
   -1.2212   -0.7495
   -1.2180   -0.7460
   -1.2173   -0.7452
   -1.2148   -0.7439
   -1.2141   -0.7427
   -1.2123   -0.7406
   -1.2109   -0.7403
   -1.2102   -0.7397
   -1.2095   -0.7397
   -1.2049   -0.7359
   -1.2045   -0.7357
   -1.2003   -0.7333
   -1.1982   -0.7316
   -1.1951   -0.7296
   -1.1937   -0.7290
   -1.1906   -0.7267
   -1.1899   -0.7264
   -1.1885   -0.7256
   -1.1882   -0.7252
   -1.1855   -0.7240
   -1.1817   -0.7212
   -1.1800   -0.7186
   -1.1783   -0.7165
   -1.1759   -0.7142
   -1.1745   -0.7130
   -1.1742   -0.7130
   -1.1739   -0.7129
   -1.1712   -0.7121
   -1.1702   -0.7113
   -1.1675   -0.7067
   -1.1665   -0.7062
   -1.1661   -0.7061
   -1.1641   -0.7045
   -1.1618   -0.7032
   -1.1591   -0.7014
   -1.1578   -0.7004
   -1.1575   -0.7004
   -1.1561   -0.6992
   -1.1548   -0.6989
   -1.1528   -0.6967
   -1.1525   -0.6967
   -1.1522   -0.6965
   -1.1518   -0.6959
   -1.1512   -0.6958
   -1.1499   -0.6952
   -1.1495   -0.6950
   -1.1492   -0.6947
   -1.1485   -0.6944
   -1.1482   -0.6940
   -1.1423   -0.6881
   -1.1410   -0.6866
   -1.1391   -0.6857
   -1.1381   -0.6856
   -1.1378   -0.6855
   -1.1355   -0.6835
   -1.1342   -0.6827
   -1.1329   -0.6815
   -1.1326   -0.6814
   -1.1316   -0.6799
   -1.1297   -0.6781
   -1.1294   -0.6781
   -1.1281   -0.6766
   -1.1239   -0.6733
   -1.1198   -0.6701
   -1.1192   -0.6690
   -1.1179   -0.6669
   -1.1176   -0.6667
   -1.1163   -0.6654
   -1.1154   -0.6639
   -1.1131   -0.6623
   -1.1128   -0.6617
   -1.1094   -0.6592
   -1.1075   -0.6572
   -1.1040   -0.6543
   -1.1015   -0.6523
   -1.0969   -0.6489
   -1.0947   -0.6471
   -1.0941   -0.6459
   -1.0926   -0.6454
   -1.0919   -0.6448
   -1.0907   -0.6436
   -1.0858   -0.6378
   -1.0794   -0.6335
   -1.0770   -0.6319
   -1.0763   -0.6313
   -1.0754   -0.6307
   -1.0742   -0.6294
   -1.0718   -0.6287
   -1.0697   -0.6278
   -1.0601   -0.6187
   -1.0595   -0.6184
   -1.0565   -0.6172
   -1.0560   -0.6167
   -1.0536   -0.6152
   -1.0518   -0.6142
   -1.0509   -0.6128
   -1.0497   -0.6111
   -1.0492   -0.6110
   -1.0456   -0.6084
   -1.0445   -0.6077
   -1.0439   -0.6074
   -1.0436   -0.6071
   -1.0366   -0.6031
   -1.0363   -0.6028
   -1.0351   -0.6026
   -1.0343   -0.6016
   -1.0337   -0.6007
   -1.0322   -0.5994
   -1.0317   -0.5993
   -1.0282   -0.5964
   -1.0253   -0.5938
   -1.0227   -0.5919
   -1.0222   -0.5915
   -1.0216   -0.5905
   -1.0213   -0.5903
   -1.0199   -0.5895
   -1.0156   -0.5864
   -1.0147   -0.5860
   -1.0139   -0.5858
   -1.0094   -0.5823
   -1.0071   -0.5811
   -1.0046   -0.5801
   -1.0040   -0.5797
   -1.0009   -0.5780
   -1.0004   -0.5777
   -0.9998   -0.5774
   -0.9990   -0.5765
   -0.9987   -0.5764
   -0.9953   -0.5745
   -0.9950   -0.5744
   -0.9948   -0.5740
   -0.9881   -0.5696
   -0.9867   -0.5686
   -0.9862   -0.5684
   -0.9856   -0.5681
   -0.9812   -0.5634
   -0.9782   -0.5612
   -0.9771   -0.5603
   -0.9760   -0.5591
   -0.9757   -0.5590
   -0.9741   -0.5576
   -0.9725   -0.5556
   -0.9722   -0.5555
   -0.9711   -0.5548
   -0.9705   -0.5546
   -0.9681   -0.5524
   -0.9638   -0.5500
   -0.9616   -0.5472
   -0.9613   -0.5471
   -0.9589   -0.5459
   -0.9584   -0.5455
   -0.9573   -0.5448
   -0.9509   -0.5405
   -0.9506   -0.5405
   -0.9477   -0.5383
   -0.9466   -0.5368
   -0.9434   -0.5348
   -0.9405   -0.5334
   -0.9384   -0.5322
   -0.9360   -0.5307
   -0.9358   -0.5307
   -0.9345   -0.5303
   -0.9321   -0.5286
   -0.9316   -0.5281
   -0.9308   -0.5278
   -0.9292   -0.5273
   -0.9287   -0.5272
   -0.9274   -0.5267
   -0.9263   -0.5257
   -0.9256   -0.5254
   -0.9250   -0.5252
   -0.9173   -0.5206
   -0.9154   -0.5198
   -0.9131   -0.5187
   -0.9121   -0.5179
   -0.9067   -0.5147
   -0.9041   -0.5134
   -0.9039   -0.5132
   -0.9024   -0.5123
   -0.9011   -0.5118
   -0.8998   -0.5110
   -0.8996   -0.5109
   -0.8980   -0.5100
   -0.8968   -0.5095
   -0.8965   -0.5093
   -0.8889   -0.5031
   -0.8884   -0.5029
   -0.8874   -0.5025
   -0.8864   -0.5015
   -0.8829   -0.4994
   -0.8809   -0.4977
   -0.8796   -0.4974
   -0.8789   -0.4972
   -0.8766   -0.4956
   -0.8759   -0.4949
   -0.8744   -0.4937
   -0.8726   -0.4925
   -0.8717   -0.4922
   -0.8679   -0.4908
   -0.8672   -0.4903
   -0.8669   -0.4900
   -0.8660   -0.4895
   -0.8655   -0.4893
   -0.8642   -0.4878
   -0.8637   -0.4876
   -0.8625   -0.4869
   -0.8608   -0.4849
   -0.8588   -0.4846
   -0.8571   -0.4833
   -0.8556   -0.4828
   -0.8529   -0.4810
   -0.8500   -0.4787
   -0.8493   -0.4783
   -0.8439   -0.4751
   -0.8430   -0.4746
   -0.8427   -0.4744
   -0.8422   -0.4744
   -0.8420   -0.4743
   -0.8405   -0.4734
   -0.8388   -0.4718
   -0.8386   -0.4714
   -0.8352   -0.4695
   -0.8314   -0.4674
   -0.8304   -0.4667
   -0.8285   -0.4659
   -0.8273   -0.4654
   -0.8197   -0.4614
   -0.8185   -0.4605
   -0.8180   -0.4601
   -0.8178   -0.4600
   -0.8166   -0.4592
   -0.8161   -0.4590
   -0.8159   -0.4585
   -0.8142   -0.4576
   -0.8140   -0.4576
   -0.8133   -0.4571
   -0.8100   -0.4553
   -0.8088   -0.4548
   -0.8032   -0.4521
   -0.8013   -0.4508
   -0.7989   -0.4500
   -0.7982   -0.4496
   -0.7957   -0.4487
   -0.7950   -0.4483
   -0.7882   -0.4441
   -0.7880   -0.4440
   -0.7873   -0.4437
   -0.7862   -0.4436
   -0.7848   -0.4417
   -0.7845   -0.4410
   -0.7836   -0.4403
   -0.7834   -0.4401
   -0.7832   -0.4400
   -0.7799   -0.4390
   -0.7746   -0.4356
   -0.7742   -0.4352
   -0.7730   -0.4344
   -0.7728   -0.4343
   -0.7719   -0.4334
   -0.7708   -0.4331
   -0.7701   -0.4325
   -0.7671   -0.4310
   -0.7669   -0.4309
   -0.7651   -0.4299
   -0.7641   -0.4290
   -0.7623   -0.4278
   -0.7596   -0.4260
   -0.7585   -0.4247
   -0.7582   -0.4245
   -0.7571   -0.4237
   -0.7567   -0.4233
   -0.7537   -0.4217
   -0.7512   -0.4208
   -0.7501   -0.4200
   -0.7494   -0.4192
   -0.7456   -0.4165
   -0.7454   -0.4165
   -0.7441   -0.4159
   -0.7434   -0.4155
   -0.7432   -0.4153
   -0.7403   -0.4141
   -0.7374   -0.4129
   -0.7367   -0.4121
   -0.7336   -0.4106
   -0.7302   -0.4087
   -0.7252   -0.4045
   -0.7243   -0.4034
   -0.7229   -0.4025
   -0.7192   -0.4007
   -0.7170   -0.3996
   -0.7148   -0.3978
   -0.7135   -0.3970
   -0.7104   -0.3951
   -0.7082   -0.3941
   -0.7069   -0.3931
   -0.7065   -0.3929
   -0.7058   -0.3924
   -0.7043   -0.3915
   -0.7022   -0.3907
   -0.6943   -0.3848
   -0.6931   -0.3845
   -0.6883   -0.3822
   -0.6881   -0.3821
   -0.6872   -0.3814
   -0.6864   -0.3810
   -0.6847   -0.3802
   -0.6838   -0.3798
   -0.6829   -0.3791
   -0.6827   -0.3791
   -0.6812   -0.3781
   -0.6761   -0.3750
   -0.6746   -0.3739
   -0.6714   -0.3725
   -0.6708   -0.3717
   -0.6703   -0.3713
   -0.6627   -0.3671
   -0.6602   -0.3662
   -0.6591   -0.3656
   -0.6585   -0.3654
   -0.6576   -0.3650
   -0.6545   -0.3630
   -0.6517   -0.3609
   -0.6471   -0.3582
   -0.6457   -0.3572
   -0.6436   -0.3557
   -0.6423   -0.3549
   -0.6421   -0.3546
   -0.6413   -0.3541
   -0.6407   -0.3538
   -0.6394   -0.3533
   -0.6392   -0.3533
   -0.6340   -0.3506
   -0.6323   -0.3499
   -0.6299   -0.3488
   -0.6294   -0.3488
   -0.6276   -0.3478
   -0.6234   -0.3443
   -0.6228   -0.3436
   -0.6226   -0.3435
   -0.6218   -0.3429
   -0.6191   -0.3417
   -0.6187   -0.3416
   -0.6185   -0.3416
   -0.6162   -0.3393
   -0.6160   -0.3393
   -0.6154   -0.3386
   -0.6146   -0.3380
   -0.6140   -0.3377
   -0.6115   -0.3362
   -0.6113   -0.3361
   -0.6103   -0.3353
   -0.6101   -0.3353
   -0.6093   -0.3347
   -0.6085   -0.3343
   -0.6058   -0.3327
   -0.6015   -0.3309
   -0.6013   -0.3309
   -0.6003   -0.3300
   -0.5983   -0.3288
   -0.5922   -0.3252
   -0.5912   -0.3247
   -0.5906   -0.3242
   -0.5904   -0.3241
   -0.5896   -0.3238
   -0.5894   -0.3236
   -0.5892   -0.3236
   -0.5875   -0.3224
   -0.5871   -0.3223
   -0.5857   -0.3215
   -0.5855   -0.3214
   -0.5853   -0.3212
   -0.5849   -0.3211
   -0.5847   -0.3210
   -0.5817   -0.3189
   -0.5785   -0.3175
   -0.5761   -0.3164
   -0.5745   -0.3157
   -0.5695   -0.3136
   -0.5685   -0.3128
   -0.5683   -0.3128
   -0.5677   -0.3127
   -0.5651   -0.3108
   -0.5647   -0.3107
   -0.5627   -0.3091
   -0.5603   -0.3081
   -0.5593   -0.3072
   -0.5591   -0.3071
   -0.5581   -0.3066
   -0.5577   -0.3066
   -0.5551   -0.3054
   -0.5522   -0.3038
   -0.5518   -0.3037
   -0.5429   -0.2982
   -0.5425   -0.2979
   -0.5423   -0.2978
   -0.5421   -0.2977
   -0.5417   -0.2974
   -0.5398   -0.2961
   -0.5392   -0.2959
   -0.5372   -0.2947
   -0.5362   -0.2944
   -0.5356   -0.2940
   -0.5339   -0.2929
   -0.5307   -0.2919
   -0.5249   -0.2891
   -0.5243   -0.2884
   -0.5202   -0.2865
   -0.5189   -0.2853
   -0.5171   -0.2844
   -0.5138   -0.2832
   -0.5107   -0.2817
   -0.5086   -0.2808
   -0.5082   -0.2806
   -0.5080   -0.2806
   -0.5061   -0.2792
   -0.5057   -0.2790
   -0.5047   -0.2787
   -0.5043   -0.2784
   -0.5036   -0.2782
   -0.5030   -0.2776
   -0.5028   -0.2776
   -0.5026   -0.2775
   -0.5001   -0.2761
   -0.4995   -0.2759
   -0.4966   -0.2744
   -0.4957   -0.2739
   -0.4943   -0.2732
   -0.4938   -0.2730
   -0.4932   -0.2728
   -0.4890   -0.2707
   -0.4874   -0.2700
   -0.4798   -0.2655
   -0.4796   -0.2655
   -0.4745   -0.2631
   -0.4730   -0.2623
   -0.4693   -0.2599
   -0.4676   -0.2589
   -0.4665   -0.2585
   -0.4658   -0.2580
   -0.4644   -0.2574
   -0.4620   -0.2562
   -0.4610   -0.2557
   -0.4582   -0.2545
   -0.4561   -0.2537
   -0.4544   -0.2530
   -0.4493   -0.2505
   -0.4484   -0.2502
   -0.4467   -0.2497
   -0.4433   -0.2481
   -0.4411   -0.2469
   -0.4403   -0.2460
   -0.4400   -0.2458
   -0.4375   -0.2440
   -0.4351   -0.2427
   -0.4349   -0.2426
   -0.4325   -0.2410
   -0.4303   -0.2400
   -0.4280   -0.2390
   -0.4215   -0.2360
   -0.4204   -0.2357
   -0.4197   -0.2353
   -0.4165   -0.2338
   -0.4161   -0.2336
   -0.4156   -0.2335
   -0.4152   -0.2332
   -0.4148   -0.2330
   -0.4128   -0.2320
   -0.4121   -0.2318
   -0.4119   -0.2318
   -0.4117   -0.2317
   -0.4078   -0.2299
   -0.4029   -0.2268
   -0.4012   -0.2256
   -0.3986   -0.2245
   -0.3971   -0.2239
   -0.3957   -0.2233
   -0.3946   -0.2228
   -0.3933   -0.2217
   -0.3929   -0.2217
   -0.3920   -0.2213
   -0.3907   -0.2210
   -0.3894   -0.2205
   -0.3885   -0.2200
   -0.3883   -0.2198
   -0.3882   -0.2198
   -0.3845   -0.2178
   -0.3841   -0.2177
   -0.3839   -0.2175
   -0.3832   -0.2173
   -0.3827   -0.2169
   -0.3818   -0.2163
   -0.3750   -0.2123
   -0.3737   -0.2120
   -0.3710   -0.2103
   -0.3705   -0.2102
   -0.3679   -0.2094
   -0.3643   -0.2071
   -0.3610   -0.2060
   -0.3588   -0.2041
   -0.3541   -0.2021
   -0.3529   -0.2015
   -0.3521   -0.2011
   -0.3518   -0.2009
   -0.3512   -0.2004
   -0.3509   -0.2002
   -0.3494   -0.1999
   -0.3466   -0.1986
   -0.3429   -0.1968
   -0.3417   -0.1956
   -0.3415   -0.1956
   -0.3404   -0.1944
   -0.3345   -0.1910
   -0.3323   -0.1902
   -0.3309   -0.1898
   -0.3282   -0.1888
   -0.3277   -0.1887
   -0.3248   -0.1868
   -0.3243   -0.1866
   -0.3232   -0.1862
   -0.3228   -0.1862
   -0.3219   -0.1851
   -0.3218   -0.1851
   -0.3209   -0.1848
   -0.3205   -0.1848
   -0.3202   -0.1847
   -0.3186   -0.1841
   -0.3180   -0.1834
   -0.3178   -0.1834
   -0.3161   -0.1826
   -0.3155   -0.1824
   -0.3136   -0.1811
   -0.3121   -0.1805
   -0.3118   -0.1805
   -0.3082   -0.1782
   -0.3062   -0.1769
   -0.3057   -0.1767
   -0.3002   -0.1734
   -0.2968   -0.1720
   -0.2963   -0.1719
   -0.2959   -0.1718
   -0.2929   -0.1696
   -0.2920   -0.1692
   -0.2919   -0.1691
   -0.2912   -0.1690
   -0.2903   -0.1682
   -0.2901   -0.1681
   -0.2892   -0.1678
   -0.2874   -0.1665
   -0.2871   -0.1663
   -0.2862   -0.1660
   -0.2844   -0.1651
   -0.2816   -0.1636
   -0.2807   -0.1632
   -0.2754   -0.1609
   -0.2745   -0.1603
   -0.2738   -0.1599
   -0.2737   -0.1598
   -0.2691   -0.1571
   -0.2647   -0.1550
   -0.2638   -0.1546
   -0.2634   -0.1544
   -0.2629   -0.1542
   -0.2608   -0.1534
   -0.2599   -0.1529
   -0.2585   -0.1524
   -0.2557   -0.1507
   -0.2552   -0.1506
   -0.2534   -0.1498
   -0.2512   -0.1490
   -0.2477   -0.1462
   -0.2471   -0.1460
   -0.2470   -0.1459
   -0.2457   -0.1451
   -0.2452   -0.1449
   -0.2426   -0.1439
   -0.2422   -0.1436
   -0.2382   -0.1411
   -0.2375   -0.1409
   -0.2352   -0.1395
   -0.2344   -0.1392
   -0.2328   -0.1384
   -0.2326   -0.1384
   -0.2316   -0.1379
   -0.2274   -0.1354
   -0.2258   -0.1347
   -0.2256   -0.1347
   -0.2250   -0.1341
   -0.2246   -0.1337
   -0.2239   -0.1335
   -0.2218   -0.1325
   -0.2192   -0.1309
   -0.2190   -0.1309
   -0.2182   -0.1303
   -0.2150   -0.1278
   -0.2105   -0.1256
   -0.2102   -0.1256
   -0.2091   -0.1249
   -0.2086   -0.1248
   -0.2079   -0.1239
   -0.2072   -0.1235
   -0.2067   -0.1233
   -0.2037   -0.1220
   -0.2020   -0.1214
   -0.2013   -0.1209
   -0.2008   -0.1208
   -0.2005   -0.1207
   -0.1999   -0.1204
   -0.1968   -0.1189
   -0.1937   -0.1169
   -0.1923   -0.1162
   -0.1921   -0.1162
   -0.1918   -0.1161
   -0.1915   -0.1161
   -0.1901   -0.1149
   -0.1887   -0.1141
   -0.1870   -0.1134
   -0.1857   -0.1132
   -0.1851   -0.1127
   -0.1838   -0.1122
   -0.1837   -0.1121
   -0.1833   -0.1121
   -0.1811   -0.1108
   -0.1807   -0.1107
   -0.1788   -0.1097
   -0.1787   -0.1097
   -0.1775   -0.1092
   -0.1764   -0.1085
   -0.1759   -0.1082
   -0.1754   -0.1081
   -0.1735   -0.1072
   -0.1714   -0.1055
   -0.1711   -0.1054
   -0.1690   -0.1044
   -0.1668   -0.1034
   -0.1663   -0.1033
   -0.1635   -0.1013
   -0.1616   -0.1001
   -0.1614   -0.1001
   -0.1594   -0.0995
   -0.1582   -0.0987
   -0.1577   -0.0986
   -0.1554   -0.0974
   -0.1549   -0.0973
   -0.1542   -0.0970
   -0.1522   -0.0962
   -0.1511   -0.0960
   -0.1496   -0.0948
   -0.1492   -0.0947
   -0.1480   -0.0940
   -0.1470   -0.0932
   -0.1455   -0.0924
   -0.1427   -0.0911
   -0.1420   -0.0909
   -0.1386   -0.0898
   -0.1381   -0.0893
   -0.1374   -0.0890
   -0.1360   -0.0883
   -0.1345   -0.0879
   -0.1335   -0.0874
   -0.1300   -0.0855
   -0.1297   -0.0855
   -0.1283   -0.0849
   -0.1256   -0.0836
   -0.1251   -0.0835
   -0.1223   -0.0824
   -0.1215   -0.0816
   -0.1208   -0.0813
   -0.1192   -0.0805
   -0.1184   -0.0802
   -0.1157   -0.0790
   -0.1146   -0.0783
   -0.1138   -0.0775
   -0.1122   -0.0767
   -0.1116   -0.0761
   -0.1083   -0.0745
   -0.1081   -0.0744
   -0.1080   -0.0744
   -0.1064   -0.0736
   -0.1063   -0.0736
   -0.1049   -0.0730
   -0.1015   -0.0711
   -0.0999   -0.0703
   -0.0993   -0.0702
   -0.0960   -0.0692
   -0.0940   -0.0684
   -0.0885   -0.0660
   -0.0878   -0.0656
   -0.0875   -0.0654
   -0.0854   -0.0645
   -0.0842   -0.0635
   -0.0827   -0.0629
   -0.0800   -0.0614
   -0.0778   -0.0602
   -0.0747   -0.0585
   -0.0742   -0.0580
   -0.0718   -0.0571
   -0.0710   -0.0569
   -0.0703   -0.0562
   -0.0699   -0.0561
   -0.0674   -0.0550
   -0.0664   -0.0548
   -0.0645   -0.0540
   -0.0635   -0.0537
   -0.0633   -0.0537
   -0.0601   -0.0521
   -0.0592   -0.0517
   -0.0570   -0.0507
   -0.0548   -0.0493
   -0.0545   -0.0492
   -0.0536   -0.0489
   -0.0514   -0.0477
   -0.0507   -0.0475
   -0.0478   -0.0464
   -0.0398   -0.0424
   -0.0393   -0.0420
   -0.0386   -0.0415
   -0.0380   -0.0413
   -0.0332   -0.0394
   -0.0329   -0.0390
   -0.0301   -0.0374
   -0.0295   -0.0367
   -0.0286   -0.0361
   -0.0284   -0.0360
   -0.0264   -0.0347
   -0.0259   -0.0346
   -0.0256   -0.0342
   -0.0210   -0.0317
   -0.0200   -0.0314
   -0.0172   -0.0298
   -0.0147   -0.0284
   -0.0138   -0.0278
   -0.0121   -0.0272
   -0.0104   -0.0265
   -0.0098   -0.0262
   -0.0079   -0.0256
   -0.0077   -0.0255
   -0.0062   -0.0251
   -0.0060   -0.0250
   -0.0055   -0.0246
   -0.0038   -0.0238
   -0.0035   -0.0233
    0.0004   -0.0218
    0.0023   -0.0208
    0.0043   -0.0197
    0.0072   -0.0184
    0.0086   -0.0177
    0.0091   -0.0177
    0.0125   -0.0158
    0.0142   -0.0153
    0.0177   -0.0134
    0.0203   -0.0125
    0.0217   -0.0116
    0.0218   -0.0116
    0.0223   -0.0115
    0.0261   -0.0093
    0.0264   -0.0092
    0.0276   -0.0087
    0.0281   -0.0085
    0.0310   -0.0075
    0.0318   -0.0070
    0.0341   -0.0058
    0.0342   -0.0058
    0.0359   -0.0049
    0.0376   -0.0042
    0.0392   -0.0033
    0.0400   -0.0030
    0.0427   -0.0011
    0.0443    0.0000
    0.0451    0.0002
    0.0468    0.0011
    0.0490    0.0018
    0.0504    0.0024
    0.0505    0.0024
    0.0517    0.0032
    0.0519    0.0032
    0.0526    0.0038
    0.0556    0.0055
    0.0563    0.0059
    0.0573    0.0061
    0.0580    0.0061
    0.0601    0.0068
    0.0609    0.0071
    0.0626    0.0080
    0.0665    0.0090
    0.0694    0.0103
    0.0701    0.0106
    0.0710    0.0110
    0.0730    0.0118
    0.0732    0.0119
    0.0733    0.0120
    0.0766    0.0133
    0.0788    0.0142
    0.0800    0.0147
    0.0802    0.0147
    0.0820    0.0155
    0.0848    0.0170
    0.0851    0.0172
    0.0887    0.0187
    0.0907    0.0196
    0.0935    0.0205
    0.0940    0.0206
    0.0950    0.0211
    0.0970    0.0223
    0.0976    0.0226
    0.0987    0.0233
    0.1003    0.0242
    0.1010    0.0247
    0.1023    0.0255
    0.1030    0.0260
    0.1059    0.0282
    0.1061    0.0282
    0.1088    0.0298
    0.1092    0.0304
    0.1100    0.0310
    0.1114    0.0315
    0.1133    0.0322
    0.1134    0.0323
    0.1139    0.0323
    0.1182    0.0344
    0.1206    0.0358
    0.1234    0.0370
    0.1251    0.0377
    0.1268    0.0382
    0.1278    0.0385
    0.1297    0.0393
    0.1314    0.0400
    0.1329    0.0408
    0.1345    0.0415
    0.1377    0.0430
    0.1393    0.0439
    0.1408    0.0445
    0.1422    0.0452
    0.1453    0.0465
    0.1455    0.0465
    0.1470    0.0472
    0.1498    0.0483
    0.1503    0.0485
    0.1540    0.0505
    0.1565    0.0517
    0.1566    0.0517
    0.1582    0.0528
    0.1585    0.0530
    0.1606    0.0536
    0.1620    0.0539
    0.1628    0.0540
    0.1632    0.0541
    0.1640    0.0546
    0.1649    0.0549
    0.1651    0.0550
    0.1663    0.0556
    0.1695    0.0566
    0.1707    0.0578
    0.1721    0.0582
    0.1725    0.0585
    0.1742    0.0590
    0.1783    0.0603
    0.1806    0.0613
    0.1809    0.0616
    0.1814    0.0618
    0.1823    0.0622
    0.1838    0.0631
    0.1849    0.0636
    0.1864    0.0641
    0.1868    0.0642
    0.1878    0.0646
    0.1892    0.0656
    0.1902    0.0660
    0.1908    0.0666
    0.1909    0.0666
    0.1920    0.0670
    0.1935    0.0682
    0.1939    0.0686
    0.1963    0.0706
    0.1977    0.0711
    0.1984    0.0714
    0.1987    0.0715
    0.2001    0.0720
    0.2006    0.0722
    0.2024    0.0734
    0.2031    0.0739
    0.2060    0.0756
    0.2064    0.0757
    0.2074    0.0763
    0.2076    0.0763
    0.2079    0.0765
    0.2081    0.0765
    0.2107    0.0774
    0.2114    0.0778
    0.2138    0.0788
    0.2145    0.0795
    0.2175    0.0812
    0.2190    0.0817
    0.2239    0.0837
    0.2244    0.0839
    0.2256    0.0842
    0.2258    0.0844
    0.2260    0.0846
    0.2263    0.0848
    0.2267    0.0848
    0.2270    0.0852
    0.2276    0.0854
    0.2345    0.0881
    0.2363    0.0887
    0.2366    0.0889
    0.2379    0.0902
    0.2396    0.0912
    0.2400    0.0915
    0.2403    0.0916
    0.2424    0.0935
    0.2431    0.0940
    0.2501    0.0975
    0.2522    0.0988
    0.2526    0.0990
    0.2545    0.0997
    0.2548    0.0998
    0.2592    0.1026
    0.2617    0.1038
    0.2627    0.1042
    0.2640    0.1051
    0.2656    0.1056
    0.2670    0.1065
    0.2673    0.1066
    0.2684    0.1076
    0.2705    0.1084
    0.2710    0.1087
    0.2790    0.1129
    0.2798    0.1132
    0.2825    0.1144
    0.2832    0.1146
    0.2862    0.1157
    0.2880    0.1165
    0.2887    0.1166
    0.2894    0.1174
    0.2922    0.1184
    0.2935    0.1190
    0.2952    0.1198
    0.2981    0.1207
    0.2991    0.1216
    0.2997    0.1219
    0.3055    0.1247
    0.3061    0.1249
    0.3064    0.1250
    0.3077    0.1253
    0.3125    0.1275
    0.3128    0.1277
    0.3134    0.1281
    0.3141    0.1284
    0.3144    0.1286
    0.3161    0.1299
    0.3187    0.1314
    0.3205    0.1322
    0.3212    0.1327
    0.3218    0.1329
    0.3223    0.1332
    0.3236    0.1340
    0.3257    0.1353
    0.3280    0.1367
    0.3284    0.1370
    0.3288    0.1371
    0.3334    0.1400
    0.3338    0.1401
    0.3352    0.1407
    0.3359    0.1408
    0.3365    0.1411
    0.3366    0.1413
    0.3372    0.1418
    0.3379    0.1420
    0.3393    0.1425
    0.3399    0.1430
    0.3438    0.1445
    0.3446    0.1447
    0.3473    0.1458
    0.3494    0.1469
    0.3511    0.1475
    0.3512    0.1475
    0.3545    0.1502
    0.3552    0.1508
    0.3554    0.1508
    0.3556    0.1513
    0.3572    0.1525
    0.3596    0.1533
    0.3605    0.1538
    0.3616    0.1544
    0.3623    0.1546
    0.3628    0.1549
    0.3632    0.1553
    0.3645    0.1558
    0.3694    0.1588
    0.3712    0.1594
    0.3717    0.1595
    0.3754    0.1614
    0.3756    0.1614
    0.3803    0.1633
    0.3819    0.1641
    0.3827    0.1644
    0.3838    0.1648
    0.3839    0.1649
    0.3885    0.1677
    0.3891    0.1681
    0.3915    0.1696
    0.3920    0.1698
    0.3929    0.1700
    0.3938    0.1707
    0.3964    0.1720
    0.3968    0.1721
    0.4019    0.1748
    0.4036    0.1755
    0.4064    0.1772
    0.4065    0.1773
    0.4071    0.1776
    0.4075    0.1776
    0.4089    0.1782
    0.4095    0.1789
    0.4119    0.1796
    0.4124    0.1800
    0.4143    0.1806
    0.4174    0.1820
    0.4178    0.1822
    0.4184    0.1825
    0.4213    0.1838
    0.4228    0.1845
    0.4245    0.1858
    0.4247    0.1861
    0.4262    0.1870
    0.4269    0.1872
    0.4271    0.1873
    0.4290    0.1877
    0.4327    0.1894
    0.4336    0.1896
    0.4357    0.1902
    0.4366    0.1914
    0.4372    0.1918
    0.4390    0.1924
    0.4398    0.1928
    0.4430    0.1944
    0.4437    0.1947
    0.4452    0.1959
    0.4495    0.1983
    0.4497    0.1983
    0.4508    0.1985
    0.4512    0.1985
    0.4522    0.1989
    0.4584    0.2021
    0.4606    0.2030
    0.4612    0.2036
    0.4614    0.2036
    0.4627    0.2045
    0.4635    0.2047
    0.4639    0.2051
    0.4682    0.2087
    0.4688    0.2094
    0.4690    0.2094
    0.4692    0.2098
    0.4741    0.2122
    0.4754    0.2126
    0.4781    0.2149
    0.4796    0.2159
    0.4802    0.2160
    0.4804    0.2160
    0.4808    0.2161
    0.4809    0.2161
    0.4815    0.2165
    0.4840    0.2177
    0.4842    0.2178
    0.4888    0.2202
    0.4922    0.2217
    0.4938    0.2225
    0.4943    0.2227
    0.4957    0.2232
    0.4970    0.2239
    0.4978    0.2243
    0.5009    0.2264
    0.5047    0.2292
    0.5055    0.2296
    0.5070    0.2304
    0.5092    0.2320
    0.5097    0.2323
    0.5105    0.2327
    0.5113    0.2333
    0.5115    0.2334
    0.5117    0.2335
    0.5130    0.2340
    0.5132    0.2345
    0.5138    0.2347
    0.5152    0.2357
    0.5169    0.2366
    0.5173    0.2368
    0.5185    0.2370
    0.5194    0.2377
    0.5202    0.2379
    0.5210    0.2381
    0.5214    0.2383
    0.5220    0.2384
    0.5245    0.2398
    0.5266    0.2414
    0.5282    0.2421
    0.5284    0.2421
    0.5286    0.2422
    0.5292    0.2425
    0.5380    0.2477
    0.5382    0.2478
    0.5398    0.2491
    0.5403    0.2492
    0.5445    0.2505
    0.5461    0.2513
    0.5463    0.2513
    0.5494    0.2533
    0.5526    0.2546
    0.5575    0.2578
    0.5581    0.2579
    0.5635    0.2620
    0.5711    0.2660
    0.5737    0.2677
    0.5817    0.2730
    0.5845    0.2744
    0.5855    0.2748
    0.5857    0.2748
    0.5940    0.2802
    0.5944    0.2805
    0.5950    0.2806
    0.5962    0.2810
    0.5966    0.2813
    0.5971    0.2814
    0.5985    0.2820
    0.5989    0.2823
    0.6003    0.2829
    0.6007    0.2834
    0.6023    0.2838
    0.6070    0.2860
    0.6095    0.2874
    0.6097    0.2875
    0.6101    0.2878
    0.6111    0.2882
    0.6117    0.2885
    0.6152    0.2902
    0.6173    0.2909
    0.6183    0.2915
    0.6232    0.2942
    0.6241    0.2944
    0.6282    0.2974
    0.6290    0.2976
    0.6311    0.2987
    0.6317    0.2989
    0.6348    0.3004
    0.6357    0.3008
    0.6384    0.3022
    0.6402    0.3037
    0.6430    0.3050
    0.6432    0.3051
    0.6436    0.3052
    0.6440    0.3053
    0.6465    0.3067
    0.6488    0.3086
    0.6490    0.3091
    0.6494    0.3092
    0.6507    0.3103
    0.6515    0.3107
    0.6547    0.3129
    0.6570    0.3144
    0.6583    0.3148
    0.6593    0.3153
    0.6619    0.3170
    0.6650    0.3189
    0.6657    0.3191
    0.6661    0.3191
    0.6693    0.3208
    0.6714    0.3214
    0.6723    0.3218
    0.6742    0.3230
    0.6808    0.3272
    0.6814    0.3275
    0.6827    0.3277
    0.6829    0.3278
    0.6834    0.3278
    0.6844    0.3280
    0.6896    0.3311
    0.6900    0.3313
    0.6961    0.3350
    0.6963    0.3350
    0.6976    0.3357
    0.6980    0.3359
    0.6995    0.3366
    0.6998    0.3366
    0.7080    0.3415
    0.7082    0.3416
    0.7091    0.3425
    0.7093    0.3425
    0.7102    0.3430
    0.7131    0.3454
    0.7150    0.3464
    0.7155    0.3467
    0.7170    0.3476
    0.7232    0.3529
    0.7234    0.3533
    0.7238    0.3539
    0.7243    0.3544
    0.7247    0.3547
    0.7263    0.3555
    0.7274    0.3563
    0.7285    0.3570
    0.7298    0.3577
    0.7314    0.3588
    0.7327    0.3600
    0.7329    0.3601
    0.7331    0.3602
    0.7334    0.3604
    0.7353    0.3609
    0.7369    0.3614
    0.7436    0.3652
    0.7447    0.3660
    0.7476    0.3681
    0.7490    0.3689
    0.7519    0.3698
    0.7521    0.3699
    0.7558    0.3718
    0.7576    0.3734
    0.7623    0.3769
    0.7628    0.3771
    0.7637    0.3779
    0.7671    0.3799
    0.7680    0.3808
    0.7737    0.3842
    0.7742    0.3843
    0.7756    0.3848
    0.7774    0.3865
    0.7799    0.3875
    0.7804    0.3875
    0.7809    0.3882
    0.7822    0.3891
    0.7834    0.3895
    0.7869    0.3912
    0.7873    0.3913
    0.7876    0.3913
    0.7931    0.3948
    0.7936    0.3957
    0.7941    0.3960
    0.7955    0.3965
    0.7982    0.3978
    0.7994    0.3982
    0.7996    0.3984
    0.8001    0.3987
    0.8006    0.3987
    0.8013    0.3990
    0.8022    0.3998
    0.8027    0.3999
    0.8072    0.4025
    0.8079    0.4028
    0.8149    0.4059
    0.8199    0.4098
    0.8216    0.4109
    0.8223    0.4117
    0.8235    0.4120
    0.8237    0.4120
    0.8285    0.4156
    0.8295    0.4160
    0.8314    0.4166
    0.8323    0.4170
    0.8338    0.4174
    0.8360    0.4193
    0.8362    0.4196
    0.8369    0.4200
    0.8391    0.4206
    0.8408    0.4222
    0.8417    0.4224
    0.8422    0.4228
    0.8427    0.4231
    0.8459    0.4248
    0.8466    0.4250
    0.8485    0.4264
    0.8502    0.4273
    0.8515    0.4283
    0.8539    0.4300
    0.8544    0.4301
    0.8551    0.4303
    0.8564    0.4309
    0.8578    0.4315
    0.8598    0.4330
    0.8620    0.4343
    0.8645    0.4358
    0.8674    0.4370
    0.8677    0.4371
    0.8682    0.4372
    0.8704    0.4382
    0.8707    0.4382
    0.8722    0.4392
    0.8739    0.4397
    0.8756    0.4416
    0.8759    0.4416
    0.8764    0.4424
    0.8801    0.4450
    0.8816    0.4462
    0.8819    0.4466
    0.8824    0.4469
    0.8831    0.4480
    0.8839    0.4488
    0.8889    0.4513
    0.8914    0.4530
    0.8942    0.4542
    0.8950    0.4544
    0.8957    0.4549
    0.8975    0.4565
    0.8996    0.4569
    0.9026    0.4599
    0.9029    0.4599
    0.9034    0.4602
    0.9062    0.4616
    0.9072    0.4621
    0.9090    0.4635
    0.9126    0.4655
    0.9134    0.4659
    0.9139    0.4662
    0.9170    0.4682
    0.9196    0.4694
    0.9232    0.4718
    0.9253    0.4732
    0.9258    0.4733
    0.9271    0.4738
    0.9282    0.4749
    0.9305    0.4779
    0.9318    0.4783
    0.9321    0.4786
    0.9337    0.4795
    0.9350    0.4801
    0.9353    0.4801
    0.9360    0.4814
    0.9366    0.4816
    0.9381    0.4826
    0.9400    0.4836
    0.9426    0.4855
    0.9437    0.4863
    0.9442    0.4864
    0.9461    0.4872
    0.9469    0.4876
    0.9479    0.4878
    0.9493    0.4885
    0.9520    0.4896
    0.9530    0.4903
    0.9536    0.4905
    0.9576    0.4926
    0.9578    0.4926
    0.9587    0.4930
    0.9597    0.4937
    0.9616    0.4949
    0.9624    0.4952
    0.9630    0.4957
    0.9632    0.4957
    0.9640    0.4962
    0.9673    0.4982
    0.9678    0.4988
    0.9684    0.4993
    0.9695    0.4997
    0.9711    0.5005
    0.9744    0.5031
    0.9746    0.5032
    0.9755    0.5040
    0.9760    0.5045
    0.9766    0.5047
    0.9779    0.5051
    0.9801    0.5066
    0.9804    0.5068
    0.9823    0.5075
    0.9837    0.5080
    0.9853    0.5098
    0.9856    0.5098
    0.9870    0.5109
    0.9873    0.5109
    0.9906    0.5133
    0.9939    0.5160
    0.9950    0.5166
    0.9990    0.5188
    0.9995    0.5191
    1.0001    0.5192
    1.0018    0.5201
    1.0023    0.5209
    1.0048    0.5223
    1.0051    0.5224
    1.0060    0.5234
    1.0063    0.5237
    1.0071    0.5241
    1.0094    0.5261
    1.0128    0.5287
    1.0139    0.5290
    1.0147    0.5300
    1.0164    0.5310
    1.0187    0.5327
    1.0193    0.5335
    1.0219    0.5347
    1.0230    0.5349
    1.0268    0.5373
    1.0273    0.5379
    1.0282    0.5384
    1.0288    0.5390
    1.0302    0.5407
    1.0325    0.5415
    1.0346    0.5430
    1.0348    0.5430
    1.0366    0.5444
    1.0412    0.5478
    1.0421    0.5489
    1.0436    0.5505
    1.0439    0.5506
    1.0474    0.5532
    1.0492    0.5551
    1.0503    0.5557
    1.0524    0.5565
    1.0560    0.5584
    1.0574    0.5594
    1.0583    0.5597
    1.0616    0.5611
    1.0628    0.5618
    1.0640    0.5621
    1.0661    0.5637
    1.0670    0.5643
    1.0679    0.5647
    1.0682    0.5648
    1.0688    0.5649
    1.0691    0.5650
    1.0697    0.5655
    1.0709    0.5663
    1.0727    0.5670
    1.0745    0.5681
    1.0751    0.5689
    1.0754    0.5693
    1.0763    0.5713
    1.0782    0.5725
    1.0812    0.5744
    1.0815    0.5745
    1.0873    0.5780
    1.0907    0.5827
    1.0910    0.5830
    1.0916    0.5834
    1.0959    0.5875
    1.0975    0.5885
    1.0987    0.5893
    1.0994    0.5900
    1.1006    0.5905
    1.1015    0.5910
    1.1034    0.5917
    1.1062    0.5936
    1.1122    0.5971
    1.1154    0.6004
    1.1176    0.6012
    1.1192    0.6045
    1.1198    0.6049
    1.1207    0.6053
    1.1211    0.6053
    1.1220    0.6062
    1.1223    0.6066
    1.1271    0.6106
    1.1281    0.6113
    1.1300    0.6121
    1.1349    0.6167
    1.1355    0.6176
    1.1365    0.6189
    1.1384    0.6202
    1.1417    0.6215
    1.1430    0.6222
    1.1443    0.6230
    1.1459    0.6234
    1.1463    0.6236
    1.1472    0.6245
    1.1482    0.6249
    1.1485    0.6250
    1.1495    0.6251
    1.1502    0.6254
    1.1522    0.6266
    1.1565    0.6302
    1.1591    0.6325
    1.1631    0.6348
    1.1635    0.6348
    1.1661    0.6367
    1.1712    0.6414
    1.1722    0.6426
    1.1786    0.6480
    1.1790    0.6485
    1.1855    0.6530
    1.1868    0.6541
    1.1903    0.6565
    1.1917    0.6574
    1.1930    0.6585
    1.1941    0.6596
    1.1944    0.6599
    1.1958    0.6608
    1.1996    0.6635
    1.2021    0.6653
    1.2031    0.6657
    1.2063    0.6677
    1.2073    0.6685
    1.2088    0.6697
    1.2098    0.6704
    1.2105    0.6714
    1.2116    0.6720
    1.2119    0.6725
    1.2123    0.6727
    1.2126    0.6729
    1.2130    0.6731
    1.2183    0.6764
    1.2208    0.6802
    1.2212    0.6807
    1.2223    0.6814
    1.2226    0.6814
    1.2233    0.6822
    1.2251    0.6835
    1.2255    0.6835
    1.2287    0.6879
    1.2302    0.6897
    1.2313    0.6904
    1.2353    0.6943
    1.2385    0.6972
    1.2393    0.6974
    1.2396    0.6975
    1.2404    0.6994
    1.2426    0.7013
    1.2437    0.7017
    1.2444    0.7020
    1.2455    0.7024
    1.2470    0.7045
    1.2492    0.7061
    1.2496    0.7061
    1.2503    0.7062
    1.2511    0.7072
    1.2514    0.7076
    1.2518    0.7078
    1.2533    0.7100
    1.2559    0.7138
    1.2567    0.7152
    1.2642    0.7228
    1.2661    0.7243
    1.2665    0.7250
    1.2699    0.7279
    1.2733    0.7306
    1.2756    0.7336
    1.2787    0.7366
    1.2829    0.7398
    1.2833    0.7404
    1.2852    0.7417
    1.2876    0.7446
    1.2880    0.7451
    1.2911    0.7479
    1.2930    0.7501
    1.2946    0.7510
    1.2974    0.7525
    1.3005    0.7548
    1.3065    0.7578
    1.3085    0.7597
    1.3113    0.7627
    1.3133    0.7651
    1.3173    0.7695
    1.3185    0.7709
    1.3193    0.7717
    1.3210    0.7735
    1.3242    0.7769
    1.3254    0.7785
    1.3259    0.7788
    1.3267    0.7789
    1.3295    0.7813
    1.3320    0.7834
    1.3324    0.7844
    1.3378    0.7915
    1.3453    0.8008
    1.3470    0.8031
    1.3478    0.8039
    1.3491    0.8055
    1.3504    0.8062
    1.3508    0.8066
    1.3529    0.8078
    1.3533    0.8079
    1.3538    0.8082
    1.3567    0.8116
    1.3585    0.8126
    1.3709    0.8250
    1.3736    0.8261
    1.3766    0.8284
    1.3771    0.8291
    1.3779    0.8297
    1.3859    0.8393
    1.3948    0.8465
    1.3953    0.8477
    1.3975    0.8500
    1.3984    0.8508
    1.3989    0.8524
    1.4020    0.8537
    1.4043    0.8557
    1.4075    0.8578
    1.4121    0.8619
    1.4139    0.8625
    1.4176    0.8667
    1.4181    0.8669
    1.4204    0.8692
    1.4260    0.8753
    1.4270    0.8762
    1.4284    0.8790
    1.4298    0.8795
    1.4312    0.8815
    1.4379    0.8887
    1.4393    0.8902
    1.4417    0.8943
    1.4451    0.8994
    1.4484    0.9028
    1.4499    0.9041
    1.4519    0.9055
    1.4562    0.9090
    1.4701    0.9259
    1.4706    0.9263
    1.4741    0.9280
    1.4757    0.9295
    1.4767    0.9303
    1.4772    0.9317
    1.4782    0.9346
    1.4843    0.9400
    1.4868    0.9416
    1.4884    0.9433
    1.4889    0.9454
    1.4894    0.9462
    1.4899    0.9467
    1.4915    0.9483
    1.4930    0.9496
    1.4946    0.9516
    1.4972    0.9551
    1.5014    0.9616
    1.5035    0.9624
    1.5061    0.9663
    1.5077    0.9683
    1.5087    0.9688
    1.5093    0.9702
    1.5109    0.9720
    1.5114    0.9726
    1.5119    0.9730
    1.5130    0.9772
    1.5173    0.9816
    1.5183    0.9817
    1.5221    0.9864
    1.5265    0.9891
    1.5325    0.9965
    1.5330    0.9969
    1.5352    1.0007
    1.5358    1.0020
    1.5380    1.0070
    1.5391    1.0083
    1.5424    1.0116
    1.5447    1.0138
    1.5469    1.0193
    1.5480    1.0215
    1.5520    1.0268
    1.5548    1.0340
    1.5560    1.0353
    1.5594    1.0391
    1.5629    1.0409
    1.5669    1.0459
    1.5739    1.0531
    1.5751    1.0537
    1.5757    1.0540
    1.5780    1.0561
    1.5827    1.0650
    1.5851    1.0731
    1.5863    1.0753
    1.5887    1.0768
    1.5911    1.0797
    1.5935    1.0857
    1.5941    1.0865
    1.5959    1.0901
    1.5966    1.0910
    1.5978    1.0915
    1.6014    1.0968
    1.6027    1.1010
    1.6039    1.1019
    1.6064    1.1024
    1.6076    1.1048
    1.6088    1.1065
    1.6119    1.1162
    1.6138    1.1168
    1.6163    1.1196
    1.6220    1.1242
    1.6226    1.1246
    1.6239    1.1261
    1.6245    1.1278
    1.6258    1.1306
    1.6271    1.1321
    1.6283    1.1332
    1.6290    1.1334
    1.6315    1.1395
    1.6322    1.1416
    1.6354    1.1457
    1.6360    1.1463
    1.6374    1.1506
    1.6387    1.1529
    1.6393    1.1539
    1.6400    1.1544
    1.6406    1.1552
    1.6413    1.1562
    1.6419    1.1576
    1.6445    1.1594
    1.6478    1.1651
    1.6491    1.1673
    1.6498    1.1675
    1.6505    1.1682
    1.6511    1.1683
    1.6525    1.1698
    1.6531    1.1711
    1.6565    1.1769
    1.6571    1.1778
    1.6578    1.1788
    1.6585    1.1792
    1.6598    1.1795
    1.6612    1.1811
    1.6632    1.1855
    1.6646    1.1864
    1.6666    1.1876
    1.6680    1.1889
    1.6693    1.1897
    1.6700    1.1908
    1.6714    1.1929
    1.6721    1.1935
    1.6762    1.1994
    1.6804    1.2031
    1.6867    1.2105
    1.6874    1.2113
    1.6881    1.2124
    1.6888    1.2124
    1.6902    1.2177
    1.6923    1.2197
    1.6938    1.2222
    1.6945    1.2228
    1.6973    1.2255
    1.6995    1.2277
    1.7002    1.2280
    1.7024    1.2299
    1.7031    1.2334
    1.7038    1.2350
    1.7060    1.2400
    1.7082    1.2421
    1.7097    1.2445
    1.7111    1.2463
    1.7126    1.2466
    1.7133    1.2473
    1.7163    1.2521
    1.7170    1.2529
    1.7185    1.2572
    1.7193    1.2572
    1.7200    1.2576
    1.7215    1.2586
    1.7237    1.2611
    1.7252    1.2636
    1.7275    1.2654
    1.7290    1.2657
    1.7298    1.2665
    1.7305    1.2680
    1.7321    1.2767
    1.7328    1.2797
    1.7366    1.2853
    1.7374    1.2877
    1.7382    1.2897
    1.7389    1.2909
    1.7413    1.2938
    1.7451    1.3030
    1.7475    1.3057
    1.7483    1.3059
    1.7491    1.3060
    1.7498    1.3074
    1.7506    1.3090
    1.7522    1.3154
    1.7530    1.3166
    1.7538    1.3177
    1.7546    1.3187
    1.7561    1.3195
    1.7569    1.3212
    1.7641    1.3339
    1.7755    1.3439
    1.7763    1.3439
    1.7788    1.3472
    1.7813    1.3500
    1.7871    1.3580
    1.7880    1.3580
    1.7888    1.3582
    1.7905    1.3598
    1.7913    1.3602
    1.7922    1.3607
    1.7930    1.3609
    1.7990    1.3665
    1.8042    1.3750
    1.8050    1.3761
    1.8076    1.3785
    1.8094    1.3803
    1.8103    1.3839
    1.8111    1.3851
    1.8120    1.3873
    1.8129    1.3885
    1.8155    1.3967
    1.8164    1.3974
    1.8173    1.3981
    1.8182    1.3987
    1.8191    1.3991
    1.8200    1.4003
    1.8217    1.4036
    1.8226    1.4040
    1.8244    1.4061
    1.8253    1.4072
    1.8289    1.4122
    1.8316    1.4168
    1.8335    1.4211
    1.8344    1.4214
    1.8362    1.4231
    1.8371    1.4256
    1.8390    1.4270
    1.8399    1.4292
    1.8417    1.4358
    1.8427    1.4402
    1.8445    1.4438
    1.8455    1.4450
    1.8464    1.4475
    1.8473    1.4509
    1.8483    1.4512
    1.8501    1.4554
    1.8511    1.4563
    1.8520    1.4578
    1.8530    1.4584
    1.8577    1.4620
    1.8587    1.4627
    1.8596    1.4630
    1.8606    1.4646
    1.8615    1.4646
    1.8625    1.4646
    1.8644    1.4676
    1.8654    1.4753
    1.8664    1.4772
    1.8683    1.4802
    1.8693    1.4822
    1.8712    1.4859
    1.8722    1.4864
    1.8742    1.4866
    1.8781    1.4928
    1.8801    1.4949
    1.8821    1.5014
    1.8861    1.5043
    1.8871    1.5045
    1.8881    1.5049
    1.8902    1.5093
    1.8912    1.5115
    1.8932    1.5136
    1.8942    1.5140
    1.8952    1.5148
    1.8973    1.5180
    1.8983    1.5228
    1.8993    1.5245
    1.9004    1.5260
    1.9035    1.5386
    1.9066    1.5471
    1.9077    1.5483
    1.9098    1.5496
    1.9108    1.5509
    1.9119    1.5517
    1.9140    1.5537
    1.9151    1.5541
    1.9161    1.5541
    1.9182    1.5573
    1.9193    1.5627
    1.9225    1.5734
    1.9236    1.5737
    1.9258    1.5776
    1.9280    1.5793
    1.9291    1.5803
    1.9301    1.5821
    1.9323    1.5904
    1.9334    1.5911
    1.9401    1.6045
    1.9491    1.6141
    1.9525    1.6212
    1.9536    1.6245
    1.9559    1.6246
    1.9571    1.6247
    1.9582    1.6251
    1.9629    1.6329
    1.9640    1.6370
    1.9664    1.6513
    1.9676    1.6514
    1.9687    1.6587
    1.9699    1.6587
    1.9711    1.6609
    1.9735    1.6709
    1.9747    1.6770
    1.9759    1.6791
    1.9807    1.6932
    1.9843    1.6971
    1.9867    1.7032
    1.9892    1.7055
    1.9929    1.7178
    1.9941    1.7181
    1.9966    1.7278
    1.9979    1.7280
    1.9991    1.7400
    2.0004    1.7448
    2.0029    1.7478
    2.0041    1.7486
    2.0054    1.7498
    2.0092    1.7573
    2.0105    1.7573
    2.0131    1.7626
    2.0170    1.7701
    2.0183    1.7704
    2.0196    1.7711
    2.0209    1.7786
    2.0235    1.7825
    2.0261    1.7878
    2.0275    1.7886
    2.0382    1.7995
    2.0409    1.8034
    2.0478    1.8181
    2.0533    1.8335
    2.0547    1.8377
    2.0561    1.8384
    2.0575    1.8391
    2.0604    1.8399
    2.0618    1.8469
    2.0647    1.8479
    2.0661    1.8485
    2.0675    1.8506
    2.0690    1.8538
    2.0704    1.8544
    2.0719    1.8556
    2.0733    1.8592
    2.0748    1.8593
    2.0762    1.8632
    2.0777    1.8682
    2.0821    1.8728
    2.0836    1.8741
    2.0851    1.8754
    2.0866    1.8782
    2.0881    1.8862
    2.0942    1.8948
    2.0972    1.8980
    2.1003    1.8987
    2.1018    1.9000
    2.1034    1.9069
    2.1049    1.9098
    2.1065    1.9120
    2.1081    1.9120
    2.1096    1.9164
    2.1112    1.9201
    2.1128    1.9212
    2.1144    1.9223
    2.1160    1.9250
    2.1176    1.9266
    2.1192    1.9360
    2.1208    1.9444
    2.1224    1.9475
    2.1240    1.9479
    2.1256    1.9495
    2.1272    1.9497
    2.1289    1.9519
    2.1305    1.9607
    2.1322    1.9650
    2.1338    1.9669
    2.1355    1.9681
    2.1371    1.9713
    2.1388    1.9738
    2.1405    1.9766
    2.1422    1.9794
    2.1438    1.9795
    2.1455    1.9799
    2.1472    1.9816
    2.1490    1.9847
    2.1507    1.9928
    2.1524    1.9941
    2.1541    1.9943
    2.1558    2.0071
    2.1576    2.0094
    2.1593    2.0139
    2.1611    2.0158
    2.1628    2.0217
    2.1646    2.0228
    2.1664    2.0236
    2.1681    2.0400
    2.1699    2.0428
    2.1717    2.0495
    2.1735    2.0531
    2.1753    2.0605
    2.1771    2.0621
    2.1790    2.0630
    2.1808    2.0692
    2.1826    2.0713
    2.1845    2.0726
    2.1863    2.0727
    2.1882    2.0750
    2.1900    2.0760
    2.1919    2.0762
    2.1938    2.0775
    2.1957    2.0850
    2.1976    2.0859
    2.1995    2.0879
    2.2014    2.0921
    2.2033    2.0936
    2.2052    2.0967
    2.2072    2.1018
    2.2091    2.1041
    2.2111    2.1096
    2.2130    2.1117
    2.2150    2.1121
    2.2170    2.1210
    2.2190    2.1212
    2.2210    2.1241
    2.2229    2.1263
    2.2250    2.1270
    2.2270    2.1298
    2.2290    2.1313
    2.2311    2.1357
    2.2331    2.1382
    2.2352    2.1429
    2.2372    2.1440
    2.2393    2.1536
    2.2414    2.1538
    2.2435    2.1562
    2.2456    2.1573
    2.2477    2.1580
    2.2499    2.1624
    2.2520    2.1631
    2.2541    2.1689
    2.2563    2.1748
    2.2585    2.1767
    2.2607    2.1772
    2.2629    2.1788
    2.2651    2.1792
    2.2673    2.1886
    2.2695    2.1937
    2.2717    2.2013
    2.2740    2.2027
    2.2762    2.2036
    2.2785    2.2092
    2.2808    2.2093
    2.2831    2.2108
    2.2854    2.2147
    2.2877    2.2169
    2.2901    2.2187
    2.2924    2.2199
    2.2947    2.2204
    2.2971    2.2244
    2.2995    2.2267
    2.3019    2.2346
    2.3043    2.2430
    2.3067    2.2481
    2.3092    2.2495
    2.3116    2.2499
    2.3141    2.2503
    2.3165    2.2550
    2.3191    2.2570
    2.3216    2.2571
    2.3241    2.2573
    2.3266    2.2604
    2.3292    2.2649
    2.3317    2.2670
    2.3343    2.2726
    2.3369    2.2726
    2.3395    2.2841
    2.3422    2.2860
    2.3448    2.2979
    2.3475    2.2980
    2.3501    2.3051
    2.3528    2.3062
    2.3555    2.3085
    2.3583    2.3091
    2.3610    2.3188
    2.3638    2.3191
    2.3666    2.3199
    2.3694    2.3232
    2.3722    2.3297
    2.3751    2.3332
    2.3779    2.3379
    2.3808    2.3485
    2.3837    2.3500
    2.3866    2.3656
    2.3895    2.3658
    2.3925    2.3665
    2.3955    2.3673
    2.3985    2.3677
    2.4015    2.3721
    2.4046    2.3902
    2.4076    2.3910
    2.4107    2.4092
    2.4138    2.4156
    2.4170    2.4176
    2.4201    2.4219
    2.4233    2.4319
    2.4265    2.4369
    2.4298    2.4470
    2.4330    2.4476
    2.4363    2.4493
    2.4397    2.4495
    2.4430    2.4629
    2.4464    2.4959
    2.4498    2.5015
    2.4532    2.5062
    2.4567    2.5169
    2.4601    2.5502
    2.4637    2.5566
    2.4672    2.5757
    2.4708    2.5808
    2.4744    2.5892
    2.4780    2.5911
    2.4817    2.5916
    2.4854    2.5970
    2.4892    2.6062
    2.4929    2.6073
    2.4967    2.6188
    2.5006    2.6314
    2.5045    2.6355
    2.5084    2.6425
    2.5124    2.6624
    2.5164    2.6670
    2.5204    2.6694
    2.5245    2.6708
    2.5287    2.6742
    2.5329    2.6969
    2.5371    2.6978
    2.5413    2.7045
    2.5456    2.7090
    2.5500    2.7202
    2.5544    2.7260
    2.5589    2.7510
    2.5634    2.7574
    2.5679    2.7576
    2.5726    2.7590
    2.5772    2.7667
    2.5820    2.7698
    2.5868    2.7798
    2.5916    2.7808
    2.5965    2.7851
    2.6015    2.7872
    2.6065    2.8058
    2.6117    2.8169
    2.6168    2.8182
    2.6221    2.8263
    2.6274    2.8325
    2.6328    2.8384
    2.6383    2.8408
    2.6438    2.8451
    2.6495    2.8622
    2.6552    2.8742
    2.6610    2.8821
    2.6669    2.8877
    2.6729    2.8934
    2.6790    2.8965
    2.6852    2.9017
    2.6915    2.9023
    2.6979    2.9102
    2.7044    2.9139
    2.7111    2.9205
    2.7178    2.9650
    2.7247    2.9718
    2.7317    2.9842
    2.7389    2.9958
    2.7462    2.9993
    2.7536    3.0275
    2.7612    3.0293
    2.7690    3.0298
    2.7769    3.0588
    2.7850    3.0642
    2.7933    3.0732
    2.8018    3.0859
    2.8105    3.0870
    2.8195    3.0897
    2.8286    3.1087
    2.8380    3.1144
    2.8477    3.1402
    2.8576    3.1618
    2.8679    3.1779
    2.8784    3.1836
    2.8892    3.1855
    2.9005    3.2089
    2.9120    3.2141
    2.9241    3.2396
    2.9365    3.2634
    2.9494    3.3316
    2.9628    3.4301
    2.9768    3.4770
    2.9913    3.4772
    3.0066    3.4884
    3.0225    3.6375
    3.0393    3.6692
    3.0570    3.7844
    3.0757    3.8818
    3.0955    3.9225
    3.1167    3.9589
    3.1393    3.9832
    3.1636    3.9838
    3.1900    4.0273
    3.2188    4.1459
    3.2506    4.2506
    3.2860    4.2744
    3.3261    4.4445
    3.3724    4.4842
    3.4273    4.6750
&
@ s1 color 1
@ s1 linestyle 1
   -4.0000   -4.0000
    4.0000    4.0000
&
