@version 40102
@ title "DelAnom/RMS scatter plot"
@ subtitle "New/New/New"
@with G0
@  world xmin  -10.0000
@  world xmax   10.0000
@  world ymin  -10.0000
@  world ymax   10.0000
@  view xmin    0.0500
@  view xmax    0.6500
@  view ymin    0.1500
@  view ymax    0.8500
@  xaxis  tick on
@  xaxis  tick major    2.0000
@  xaxis  tick major grid on
@  xaxis  tick minor ticks 0
@  yaxis  tick on
@  yaxis  tick major    2.0000
@  yaxis  tick major grid on
@  yaxis  tick minor ticks 0
@  legend loctype world
@  legend x1     0.600
@  legend y1     0.000
@  legend color 1
@  legend vgap 2
@  legend hgap 1
@  legend length 1
@  legend font 4
@  legend char size 0.8
@  legend on
@G0 on
@  s0 type xy
@  s0  symbol size    0.7500
@  s0  symbol fill  0
@  s0  symbol 2
@  s0  symbol color   1
@  s0  linestyle 0
@  s0  color   1
@  legend string   0 "Low resolution"
   0.880   -3.050
  -2.234    2.924
   0.249    5.649
   1.004   -0.115
  -0.316   -2.787
   0.169   -2.065
  -0.081   -0.049
  -3.164   -1.285
  -0.038   -0.320
  -1.459    3.619
   5.288   -5.958
  -2.196   -2.425
   0.297   -2.849
  -0.479   -2.824
  -7.804   -5.734
   7.022    4.442
   2.206   -4.615
  -2.792    0.353
   2.940    0.625
   1.906   -1.087
  -0.169    7.534
  -1.508   -0.263
  -0.058   -0.271
   4.522    4.668
  -4.174    0.903
   4.717   -1.091
  -2.905   -1.056
   5.108    0.388
   0.092    0.002
  -0.255   -0.808
   2.435   -0.276
   2.415   -1.561
  -1.060   -2.665
   4.538    3.328
  -3.318    0.265
   3.851    0.910
   6.500   -6.499
  -7.134    2.980
  -4.042   -5.638
   4.626    0.618
  -1.270   -2.453
  -7.220    1.699
   4.447   -1.252
   2.260   -0.725
   0.027   -3.020
  -0.563    3.821
  -3.071    1.229
   0.513   -2.136
  -4.046    5.124
   1.638   -3.267
  -4.554   -2.299
   0.720   -0.595
  -0.543    1.631
   2.664   -0.588
   1.767    2.350
   3.907    1.759
   1.428    0.383
   0.148   -0.085
   4.820    1.950
  -3.538   -7.002
  -1.182   -2.159
   1.434   -1.835
  -1.904    3.676
   3.306   -4.378
   1.479    1.395
   0.952    2.498
  -0.367    1.591
   0.197    0.084
  -8.868    0.420
   2.459   -0.621
  -0.229    0.072
  -0.557    2.161
   1.693   -3.082
  -7.774   -1.754
   2.106   -2.618
   5.536   -4.568
  -3.059    2.522
  -0.705    1.878
  -1.830    1.023
   1.112    0.028
  -3.289    3.573
   0.140    0.514
   0.729   -2.525
  -1.869    0.245
   0.050   -0.433
  -2.506    1.969
   2.528    0.178
   0.893    6.599
   0.523    0.528
  -2.001   -0.889
  -0.486   -2.452
  -1.186    0.901
   1.729    0.445
  -2.882   -2.657
  -0.851    4.362
  -2.053   -0.186
  -0.922    1.397
   0.012   -0.557
  -0.045   -0.360
   1.214   -0.300
  -1.027    0.060
  -1.678    4.440
   0.125    0.288
  -0.877    0.716
   2.571    0.418
   2.291   -0.508
   0.304   -3.579
   0.138    0.071
   4.140   -4.604
   2.138    2.025
  -0.081   -1.185
  -0.459   -1.068
   1.247    1.048
  -5.090    2.356
  -1.225    0.233
  -4.028    0.391
   1.651    0.625
   0.121   -0.929
   2.012   -2.211
   1.631    0.948
   0.240    0.015
  -1.836   -0.027
   1.969   -0.364
  -0.459   -3.183
   2.274    0.828
  -0.820   -2.431
  -2.038    2.235
  -2.164   -0.582
  -3.306   -1.063
   2.223   -4.405
   3.466   -2.263
  -0.221    0.525
  -0.214   -0.564
  -2.039    1.731
   0.447    0.778
  -0.541   -0.724
  -0.154    0.502
  -0.014   -1.382
   3.274   -4.366
  -2.359    0.044
  -2.758   -0.052
   1.178   -0.383
   0.757   -0.284
  -0.968   -0.292
  -0.072    0.500
   0.353    0.731
  -0.023   -0.156
  -0.082   -0.420
  -1.401    0.469
  -0.042    0.186
  -0.026    0.013
   0.907    0.183
   2.735    1.407
  -1.055   -3.284
  -4.113    0.634
   0.601   -3.522
   0.433   -0.342
   1.781    3.256
  -0.918   -1.527
  -2.301   -0.225
  -1.355    3.706
  -0.958   -8.510
   6.285   -1.659
  -0.560   -1.342
  -0.255   -0.078
  -3.091   -0.239
   2.643   -2.213
   3.648   -5.982
  -2.363    1.090
  -8.182    0.438
   1.323    0.707
  -2.751   -4.739
   2.343    0.703
  -1.961   -0.917
  -1.004   -0.668
  -0.430    0.075
  -5.222   -9.965
   3.572    2.372
   0.201   -0.667
  -0.405    0.410
  -2.725    0.080
   0.125   -0.043
   1.803   -7.395
   3.828    8.889
  -2.528    0.660
  -0.166   -0.256
  -0.159    0.069
   0.162    1.448
   1.830   -5.129
  -3.726    1.334
  -1.744    0.203
  -1.263    1.565
   2.186    0.354
   2.759   -0.400
  -1.582    1.072
   0.401    2.469
  -0.882   -2.913
  -1.606   -3.069
   2.028   -0.707
   0.432   -0.302
  -0.478   -0.044
  -2.465   -1.112
   2.325   -2.778
  -1.076   -0.502
  -1.419   -5.609
   2.655    2.000
  -1.938   -0.997
  -0.102   -2.117
   7.324   -4.213
   3.185   -0.355
   1.361    2.564
  -0.546   -4.942
   1.313    1.914
   1.646    1.440
  -5.894    2.635
   6.320   -4.663
   3.203   -0.540
  -0.010   -0.163
   1.268   -0.687
   1.511   -0.074
   7.152    9.789
  -0.550   -0.140
  -0.416   -3.174
  -7.195   -0.081
   1.281    0.244
   3.569   -6.193
  -0.804   -3.655
   0.109    0.012
  -1.717   -0.015
   2.962   -1.240
   0.546   -2.295
  -1.089    0.439
  -3.377    0.999
  -0.952   -2.778
  -0.666   -0.334
   0.505   -2.984
   0.083   -2.537
  -0.425   -0.469
   1.804    3.591
   0.998    4.975
  -2.438    0.183
  -1.581   -3.217
  -2.549    2.022
   3.602   -1.621
  -2.369    1.139
  -2.488   -1.837
   2.042   -0.803
  -3.899    0.004
   1.947    4.559
  -0.661   -4.777
   0.574    0.174
  -1.672    2.264
  -1.110    0.328
  -1.314    0.703
  -0.706    0.191
   0.757   -0.178
   3.175   -8.660
   4.910   -0.311
   1.616    2.400
  -3.206   -0.171
   2.158   -0.016
  -1.500    0.035
  -0.245   -3.168
  -3.712   -0.231
  -1.614    0.448
  -0.133    0.696
   1.262   -2.071
   0.680   -0.981
   2.309   -5.215
   0.690   -3.091
  -0.050    0.172
   1.960   -0.597
   4.440   -1.166
   2.483   -1.613
  -2.317   -1.419
   0.315   -2.440
   1.244   -0.991
   0.891   -0.762
  -2.155    3.127
  -1.574    0.789
  -0.773    1.646
  -1.223    0.828
   0.073   -0.077
  -2.369   -1.602
  -1.201   -0.537
  -0.126    0.383
  -0.260    0.123
  -2.225    1.809
  -5.394   -0.048
   0.611   -0.947
  -5.300   -3.879
   0.321    0.651
  -1.275    1.675
   1.635   -0.501
   2.963   -2.203
  -0.446   -0.374
   0.889    0.537
   0.115   -0.073
  -0.451   -1.197
   1.593    0.260
  -1.118    0.497
  -0.141   -0.029
  -1.001   -0.890
  -0.537    2.535
  -3.002   -0.053
   0.303    0.047
  -2.947   -1.516
  -4.683   -3.192
  -1.533   -4.304
  -1.463    0.404
   4.024    1.041
  -2.138   -0.870
   8.448    2.539
  -1.102   -1.941
  -0.926    0.518
  -2.308   -0.146
  -4.032   -1.220
  -7.052    2.011
  -4.398   -1.775
  -4.464    1.592
   4.500    1.348
  -0.582   -0.466
   0.032    0.559
  -1.000    1.009
  -5.758   -1.397
   1.088   -4.999
   0.736    2.568
  -2.050   -2.037
  -0.882   -2.417
  -0.141    0.914
  -0.067   -0.017
   0.516   -0.150
  -5.510    1.944
  -5.340   -0.966
   3.623   -7.003
   5.765    1.166
  -6.324    1.282
  -1.134   -1.430
   0.332   -2.811
  -1.267   -1.680
   1.583   -0.977
  -2.942   -1.154
  -0.105    2.315
  -2.579   -2.668
  -4.454   -0.434
  -3.916    1.295
  -8.690   -0.604
   0.177   -1.448
  -0.011   -0.019
   0.855   -1.256
   4.041    2.240
  -3.785    4.955
  -0.035   -1.300
  -0.681    1.749
   0.005    4.588
   0.348    1.692
  -0.277   -1.047
  -3.348    0.828
   2.033   -2.925
   0.130    0.895
  -0.649    2.823
  -0.816   -2.628
  -2.392   -1.882
  -2.399    0.967
  -0.449   -3.373
   3.021   -1.339
  -1.842    1.438
   2.135    0.338
  -0.843   -0.467
  -9.363    1.947
  -1.130   -2.530
   2.339   -2.739
  -0.914    0.474
   0.077    0.440
   4.429    3.096
   4.009   -5.117
  -0.439   -0.173
  -3.625    0.192
  -0.160    0.499
  -0.506    2.384
  -0.291   -1.692
   2.117   -1.020
  -3.901   -2.923
   0.130   -0.578
  -1.564    0.432
   2.711   -0.002
  -2.925    1.777
   0.536    1.559
  -3.320    1.041
  -2.986    0.115
   2.199    1.123
  -0.361    1.619
   1.255    0.552
   0.896    2.381
  -1.881   -0.981
   0.325   -1.527
  -0.625   -0.038
   0.184   -3.930
  -1.488   -1.516
  -3.095   -0.835
  -0.823    0.477
   4.759   -5.688
  -1.956   -5.063
   0.182    1.030
  -6.719   -2.788
  -6.707   -3.698
  -3.108   -4.019
  -1.016   -1.813
   1.012   -0.472
  -0.282   -2.149
   2.244    0.254
  -0.490   -3.648
   1.360   -0.587
   0.626   -1.804
  -2.653   -1.424
  -0.592   -1.032
   0.852   -1.821
   0.705   -0.664
   2.292   -0.834
   0.096   -3.002
   0.371   -2.454
   1.173    0.552
  -1.435   -3.373
  -0.248    2.199
   2.417   -1.786
   1.522   -1.367
  -1.512   -1.406
   0.590   -2.117
  -0.369    0.436
  -0.581   -1.539
   0.837   -1.197
   0.279    1.356
   0.502    0.128
  -3.431   -0.408
  -0.801    0.507
  -2.916    1.437
  -1.737    0.560
   0.513    0.350
  -0.955    0.032
  -0.476   -0.348
   1.738   -0.344
  -0.749    1.876
  -0.436   -0.199
  -1.238   -1.037
   0.281   -0.032
   0.626   -0.389
   0.298   -0.264
  -0.260    0.653
   0.443   -0.753
  -0.420   -0.145
  -0.090    0.218
   0.533    0.742
  -0.377   -0.498
  -0.347   -0.130
  -0.949    0.805
   0.642    1.260
  -0.053    0.446
  -0.100    1.782
   4.079    0.529
  -3.071    3.702
   4.664   -6.595
   3.185    5.779
  -0.060   -1.917
   2.232   -2.740
   0.643   -2.593
  -0.331    0.089
   0.006   -0.327
  -4.029    9.037
   2.080    1.876
  -4.932   -2.311
  -4.429   -3.321
  -0.137    2.741
  -1.881   -0.474
  -6.444    0.830
  -0.681   -0.459
   0.000    0.503
  -7.124   -0.388
  -2.108   -0.913
   0.249    0.101
   4.303   -1.727
  -2.021   -0.083
   0.259    1.982
  -0.043   -0.355
  -0.388   -0.625
  -2.255   -0.922
  -4.655   -0.204
  -3.017   -4.164
   1.423   -2.020
  -8.320    1.399
   1.916   -2.516
  -1.018    2.495
   4.260   -2.689
  -0.624   -1.805
   3.322    2.271
   0.160    1.631
  -1.160    3.383
  -8.081    2.477
  -7.188    5.496
   0.061   -0.830
  -2.649   -0.014
  -0.524    0.379
  -2.376   -3.680
  -1.963   -0.973
   0.442   -1.264
   0.318    0.528
  -1.980   -0.428
  -0.912   -4.133
  -1.347    1.052
  -0.476    2.870
  -2.674    3.558
  -2.090    2.162
  -1.971   -5.529
  -2.244   -0.852
  -0.276   -1.125
  -4.036    2.468
  -2.729   -1.267
  -0.054   -3.345
  -0.611   -0.700
  -0.245    1.864
  -1.380    0.828
  -0.036   -2.398
   4.514    4.362
  -3.984   -1.264
   0.971   -2.530
  -1.969   -1.580
  -0.778   -0.640
   1.803    1.340
   2.506    1.314
  -0.680   -4.076
  -0.274   -2.771
   5.866   -5.121
   0.092   -0.025
   2.371   -0.858
   3.314    0.175
  -8.628   -1.646
   0.981   -2.756
  -0.741   -0.183
   0.196   -0.261
  -0.816   -2.669
  -5.973    4.863
  -5.942    0.757
  -2.129   -2.118
   0.301   -0.296
   0.092    0.031
   2.339   -1.050
  -0.800    0.221
  -2.478   -0.793
  -3.183    2.503
   0.639    0.081
   0.980    0.224
   0.338   -1.956
   0.280   -1.710
  -1.916   -0.418
   1.769    3.712
  -0.235   -2.950
  -2.197   -3.340
  -1.013   -2.238
   0.037   -0.440
   0.939    0.163
  -2.262    0.165
   3.633    0.358
  -1.754    0.675
   0.083    0.025
  -3.602    1.180
  -0.825   -2.769
   1.318   -2.769
   2.198   -1.006
  -0.240    0.191
   2.861   -0.423
   0.317   -0.055
   2.654    0.274
   0.078   -0.318
   0.408    1.034
  -0.114   -0.967
  -2.488   -1.913
  -1.026    0.576
   2.750   -1.245
   1.959   -2.726
   0.010    0.578
   0.802   -2.107
   0.401   -2.472
  -0.557    0.047
  -2.314    0.834
   0.575   -0.182
  -0.172    0.075
  -1.291    1.436
   3.203    1.031
   0.123    0.022
   1.544   -0.209
   0.298   -5.355
  -1.131    6.947
   3.358    0.881
  -2.069    0.601
   1.867   -1.692
  -2.828    1.002
  -1.333   -2.081
   3.290    0.897
  -0.688   -3.341
   1.670    3.120
  -0.235    1.286
  -1.108   -2.909
   0.932    0.733
   0.116    0.962
  -0.511   -1.113
  -4.711   -4.771
  -2.623   -3.016
  -5.232   -7.054
  -0.015   -2.686
  -0.593   -0.144
  -0.872   -2.487
   0.322    4.962
   2.126   -1.513
   5.577    5.073
  -0.408    2.109
  -1.514   -0.958
  -5.441   -8.179
   1.337    0.009
  -1.205   -0.492
  -0.420   -1.073
   4.058   -0.499
   0.069   -2.858
  -4.251   -4.370
   1.320   -9.504
   0.524   -0.704
   1.156   -0.210
  -3.952   -2.674
  -2.427   -0.791
  -0.208    0.462
  -2.357    0.226
   5.127   -3.114
   1.518    1.245
   0.656   -0.814
   2.002    0.101
   1.408    3.471
   2.627   -1.144
  -4.829    2.511
   0.542   -1.368
   0.295    3.137
   2.895   -1.911
  -0.753    2.394
  -0.043    0.131
   2.055   -2.016
  -2.907    1.262
   3.365   -2.041
   2.735    0.174
  -1.830    0.289
   5.027   -3.779
   1.663    0.867
  -2.312   -2.184
  -0.814    0.669
   2.733   -9.291
   2.541   -0.846
  -2.071   -7.052
  -4.366    1.535
  -0.805   -2.038
  -0.332    0.074
  -1.938    0.591
  -1.130   -2.251
   4.408   -3.319
   1.898   -9.017
   0.121    0.277
  -0.216    2.920
  -0.379    1.780
   3.933   -0.250
   0.705   -0.584
  -0.127   -1.746
  -0.079    0.051
  -0.773    0.127
  -2.977   -0.381
  -2.389   -1.704
  -1.053    0.057
  -0.785   -0.105
  -1.231   -0.712
   1.868   -0.898
  -1.580    0.884
  -1.003   -3.984
   1.418   -0.406
   3.329   -1.790
  -3.795   -0.679
   0.720   -0.187
  -0.987    0.619
   2.431   -0.376
   0.821   -0.312
   1.454   -0.367
   2.408    0.902
  -0.385    0.221
   0.830    0.191
   0.026    0.050
  -0.178    0.002
  -0.549   -2.112
  -1.783    1.127
  -1.584   -0.704
   1.045    2.494
  -1.686    0.334
  -0.314   -1.288
  -0.140    0.081
  -0.606   -1.693
   0.579   -0.849
   0.448   -2.442
  -0.939   -1.524
  -3.686    3.395
   0.635   -0.213
  -0.997   -0.550
   0.696   -0.793
   0.169   -0.165
  -1.493    1.785
   0.451    0.799
   2.204   -0.147
   0.195   -0.073
   0.270    0.108
  -0.030    0.147
  -0.819   -1.858
   0.745    0.453
   0.152   -1.081
   1.565    0.506
  -1.417    3.282
  -4.281    3.539
  -8.740   -0.278
   0.074   -0.005
  -0.293    1.831
   0.971    1.180
  -3.808   -1.044
   1.997    3.210
   1.392   -0.304
   0.791   -1.939
   1.841    1.035
  -9.653   -6.089
   8.793   -8.851
   0.070    0.425
   0.563   -1.672
  -0.608   -1.446
   0.917   -0.617
  -0.840   -1.887
  -0.110   -0.555
   0.062    0.842
  -0.603   -1.187
   8.733    1.148
  -5.958   -1.837
   3.805   -0.968
   1.060    0.796
   1.699    2.810
   0.389   -5.451
   0.798   -4.942
  -2.097   -1.988
  -7.324    1.881
  -4.020    0.590
   1.118    0.305
   1.166   -3.396
  -0.692    3.151
  -0.871   -2.380
  -0.554   -4.214
   2.205   -1.052
  -1.453   -4.042
  -5.341   -0.165
  -2.188   -2.383
  -1.930   -1.660
   0.047   -0.171
   2.111   -0.922
   2.389   -1.603
  -2.301   -3.885
  -9.625   -3.022
  -1.320    2.429
   6.295    0.792
   1.618   -6.776
   1.840    0.462
   1.707   -1.380
  -4.936   -1.467
   0.365    0.436
   5.018    3.084
   0.015    1.760
   0.570    0.354
   4.187    0.863
   3.860   -5.411
   0.217    0.065
  -0.205   -1.852
  -4.201   -6.960
   1.745   -0.463
  -0.592   -2.029
   0.404    0.313
  -1.162   -3.002
   0.016   -1.371
   0.284   -0.432
  -4.175   -5.549
  -5.035    0.480
   5.490   -1.978
  -0.933    0.777
  -1.938    1.902
   0.152   -0.293
  -4.264    1.030
  -1.042    1.807
   2.785    1.564
   0.688   -1.934
  -3.793    1.819
  -0.509   -2.906
   2.236   -0.233
   0.096   -1.665
   1.958   -0.056
   0.134    1.163
   1.315    1.315
   0.711    0.303
  -5.891    0.387
  -2.454   -1.122
   1.620    0.958
   1.073   -1.962
  -2.656    0.842
   0.383   -1.946
   3.168    0.201
   0.425   -1.664
  -0.748   -0.043
  -3.275   -0.662
  -0.001   -0.142
   0.648   -0.905
  -1.002   -0.256
  -0.990    0.682
   0.524   -0.198
   3.435    1.434
  -1.152    0.602
   0.710   -2.432
  -2.784   -1.449
   1.891   -0.440
   0.182   -0.275
  -3.601    0.840
  -1.426    2.257
  -2.662    1.600
   1.022    0.513
  -1.296   -0.099
   1.043   -0.577
   3.146   -3.603
   2.148    0.124
   2.396    1.281
   0.281    0.264
  -2.637   -0.226
  -0.896   -0.287
   0.151    0.123
   0.956   -2.308
  -0.087    0.225
   0.179    1.413
   6.438   -2.025
  -0.351   -0.714
  -1.098   -2.613
   0.380   -2.335
   5.357   -8.032
  -3.831   -1.325
  -3.574   -6.936
   1.175    0.826
  -0.742    3.273
   0.140    0.213
  -2.612    0.958
   0.265   -0.600
  -0.578   -2.460
   1.064    3.141
   1.649    0.625
  -0.796   -2.080
   3.371   -0.935
   1.569   -0.255
  -9.926    0.148
  -4.231   -1.317
  -5.022    1.175
   1.203   -3.026
   0.207   -0.110
   0.870    2.004
  -3.914   -2.278
   0.209   -0.862
   0.602   -2.262
   0.360    1.211
  -0.063    1.587
  -0.833    2.172
   0.421   -3.460
  -0.447    1.402
  -3.462   -0.353
  -2.996   -1.237
   2.819   -3.325
   3.749    4.096
   1.789   -0.957
   0.060   -0.501
  -2.222   -0.083
   8.056    3.357
   2.578   -0.205
  -0.593   -1.881
   1.750   -1.889
  -1.003   -2.166
  -3.327   -0.228
  -0.008   -0.046
   1.359   -3.481
   0.875    0.149
  -0.220   -3.057
  -0.640    0.235
  -5.858    3.764
  -2.793    1.473
  -0.176    0.598
   5.601    2.666
   0.496   -3.779
  -1.888   -0.379
   0.849   -0.421
  -3.259   -5.039
  -0.621    1.245
   1.575    0.249
   0.800   -3.771
  -0.463    2.753
   0.501    1.652
   1.516   -0.455
   3.789   -1.157
  -0.836    0.105
   2.040   -0.897
  -3.099    0.035
  -2.269    2.964
   3.453    0.375
   0.710    3.359
   1.144   -0.418
   0.465    0.082
   0.096   -0.146
  -0.384    1.921
  -1.255   -1.176
   1.780   -2.005
  -2.534    0.888
   0.000   -0.580
  -1.305    0.211
  -1.927    0.546
  -1.869    2.356
   2.303   -2.600
  -1.299   -0.113
   0.731   -2.511
   0.425    0.182
   1.810    2.619
   0.254   -0.204
   0.094   -1.311
  -0.263   -1.162
  -0.947    0.566
  -0.173    0.096
   0.750   -1.159
  -0.484   -1.312
  -2.979    1.700
  -0.715   -0.124
   3.024   -0.763
  -0.079    0.029
  -0.448   -0.425
   3.215    5.743
   0.940   -0.131
   3.740    1.252
   3.911   -0.717
  -2.991    0.748
   0.796    2.365
  -3.113   -2.251
  -1.349   -0.048
  -1.055   -0.209
   2.191    1.774
  -1.477   -1.898
   2.814   -1.573
   1.465   -2.233
  -1.315    3.797
   0.015   -0.396
   3.055   -1.364
  -3.943    3.850
   1.568   -1.715
   5.241    0.842
   2.303   -1.286
   1.362    0.007
  -3.712    1.859
   0.101    0.155
  -2.986    1.287
   2.117   -0.391
  -0.289   -0.983
   3.155   -0.284
  -1.908   -1.609
  -1.947    0.200
  -2.375   -0.445
   2.194   -2.628
   0.807   -1.113
   0.786    1.035
  -0.658   -1.513
  -0.954   -6.115
   1.639    0.040
  -2.601    1.837
   1.130   -1.545
   1.171   -2.385
  -4.699   -1.650
   0.454    1.398
  -3.654    2.075
  -0.714   -0.145
   2.829   -0.529
   0.762   -1.843
  -2.571    0.122
  -0.264    1.831
  -0.336   -0.575
  -0.082    0.316
  -0.306    0.665
   2.753   -0.229
  -1.326   -1.927
   0.223   -0.099
   0.009   -2.649
  -1.087    0.419
  -0.219   -0.732
   0.440    0.103
   0.276    0.916
  -3.280    1.775
   4.006    0.269
  -1.625   -2.635
  -1.063    0.417
   1.380   -0.710
  -0.535   -0.329
   2.851   -0.866
  -2.976    1.154
   0.099   -2.960
   0.858    0.592
  -1.355    0.322
   0.172    1.535
  -0.997   -0.494
   0.164    1.561
   0.877   -0.713
  -2.300    1.515
   0.553   -1.294
  -1.879   -0.329
  -2.181   -1.573
   2.421   -0.093
   0.124   -0.196
  -2.341    0.057
   3.210    0.652
  -7.448    3.321
   0.923    1.247
   2.453   -2.331
   3.277    2.645
  -1.995    2.173
  -0.274    0.414
   5.714    0.219
   2.624    0.057
   4.120    1.821
   0.773    2.929
  -0.458   -0.900
  -1.295    0.718
   1.822    0.030
   2.089   -2.544
   2.032    0.016
  -0.566    2.181
  -0.114   -2.696
   0.012   -2.083
   3.574    0.467
   4.006   -2.805
  -1.453    4.444
   2.089    0.637
   0.860   -1.269
   5.025   -5.572
   0.558   -0.355
  -2.442    0.012
  -0.871    0.081
  -0.014   -1.028
  -0.906   -0.724
  -4.358   -1.541
  -4.152   -2.292
  -2.336   -1.190
   2.637    1.333
   2.204    0.126
   0.874   -0.196
  -0.102    0.599
  -0.379    1.736
  -1.589   -4.147
  -2.168    0.006
   2.708   -4.143
  -0.091   -0.533
   0.427    0.311
   2.431   -0.863
  -0.050   -0.769
  -1.894    0.476
  -0.208    0.527
  -0.246   -0.353
   0.026    0.045
  -0.479   -0.221
   3.045   -2.952
  -2.171    0.552
   4.756   -2.766
  -2.484    2.443
  -0.794    0.164
   1.653   -1.812
  -1.283    0.911
   3.897   -1.572
   3.615   -2.912
   3.129   -0.270
  -0.157   -1.890
  -0.245    0.622
  -1.725    1.331
  -1.641    0.224
  -1.365    2.192
  -0.357   -0.315
   1.669   -1.029
   2.732   -3.167
   0.182   -1.518
   0.846    2.135
   0.752   -1.093
   0.640    0.100
  -0.029   -2.213
  -6.860   -3.913
   4.172   -0.251
   2.576   -0.001
   2.563    0.189
   1.215    1.073
   5.393    1.506
  -0.027    0.040
  -2.217    0.540
  -1.637   -4.720
   3.885   -1.118
   0.460   -1.196
   0.335   -0.633
  -2.403    2.970
   2.828    6.948
  -2.366   -1.800
   3.520   -5.812
   1.690    0.437
  -1.874    0.575
   0.329    1.005
  -4.308   -0.714
   1.113    2.623
   1.645    4.326
   0.640   -0.101
   0.180    0.628
  -1.624    7.473
   2.189    0.640
  -0.776    3.142
  -0.964   -0.188
  -2.462    0.737
   0.926    0.203
  -1.295    0.096
   3.232    0.988
   0.053    0.238
   1.576    0.322
  -0.357    0.767
   1.353   -2.756
  -2.135    0.523
   0.406    1.800
   2.423   -2.438
  -0.098    0.896
   0.025    0.282
   2.522    0.110
   0.151    0.666
  -0.932   -0.830
  -0.211    0.199
  -0.484    3.477
   3.186   -2.128
  -0.721    2.527
   0.455    0.278
   1.583   -0.180
   2.302    0.336
   1.619   -0.696
  -0.687    1.682
  -2.315   -0.543
   2.511   -1.117
   1.727    2.736
   0.067    0.327
  -0.139    0.232
  -0.486    0.790
  -8.084    9.822
  -0.720    0.297
  -1.652    1.597
   0.220    1.139
   1.526    0.187
   0.516   -1.825
  -2.228    2.160
   2.009   -0.205
  -1.290    2.714
  -2.582   -3.332
  -0.393    2.448
  -0.341    0.054
   1.011   -1.858
  -1.031    1.150
  -1.781   -0.333
  -2.142    2.151
   2.275   -2.979
  -1.157    0.136
  -1.850    2.171
  -0.124    0.193
  -2.115    0.202
   2.289   -1.466
   2.286   -1.276
   1.945   -0.093
   0.351   -0.917
   1.021   -0.254
  -0.404    0.181
   0.568   -1.892
   1.332    0.549
   0.812   -1.687
  -1.977    0.378
   0.083    0.195
   3.478   -2.603
  -0.189   -2.194
  -0.006   -0.450
   0.416   -1.796
  -0.333   -1.449
   0.516    0.158
   0.971   -0.493
  -0.136   -0.132
   0.625   -0.825
  -0.533    0.912
   0.106   -0.123
  -0.056   -1.348
  -1.241    0.610
   1.816   -1.249
   2.969   -0.032
  -1.521    0.354
   0.550    0.183
  -0.998    0.416
   2.320   -2.021
   0.203   -2.981
  -0.010   -0.093
   1.389   -2.750
  -0.735    0.046
  -0.556   -0.366
  -0.026    0.001
   1.345    0.343
   2.538    0.540
   1.076   -0.201
   0.715   -0.523
  -2.218    0.011
  -2.138   -0.019
  -2.488   -2.832
  -0.310    0.053
  -3.009    0.279
   3.093   -3.175
   0.514   -0.737
   2.015   -1.422
  -1.862    0.587
  -2.793    0.778
   2.841   -1.027
   2.840   -1.468
   0.846   -0.338
  -2.281    1.103
  -2.592   -0.762
  -2.950    1.721
   0.313    0.181
  -0.418   -0.083
   0.429   -1.513
   1.892   -1.269
   2.231   -0.243
  -1.009   -2.795
   2.880   -1.935
   3.479   -1.122
   0.621   -0.149
   4.329   -5.089
  -1.197    1.100
   0.911   -0.108
   0.437    0.347
   4.680    2.764
   2.795   -1.789
  -0.168    0.190
  -2.188   -1.072
  -0.414   -0.175
   0.306   -0.988
  -2.929   -1.448
   1.121   -1.806
  -1.043   -3.168
   2.666   -2.943
  -0.333    1.032
   0.299   -1.171
   0.441   -3.019
  -0.962    2.231
   0.013   -0.252
   0.323    2.531
  -0.994   -1.063
  -2.221   -0.474
  -2.806   -0.302
   0.699    0.183
  -1.882    1.512
  -0.033    0.043
  -0.227   -0.086
  -0.119   -0.527
   1.538    0.380
  -1.453   -2.269
   0.706   -0.640
  -0.790    0.568
   0.060   -0.097
  -1.879   -1.595
  -0.467    0.819
  -0.090    0.088
  -0.405   -1.191
  -1.005    2.201
   2.146   -0.330
   1.582   -0.145
   0.352    0.592
  -0.711   -0.568
   1.700    0.442
  -0.054   -0.480
  -0.484    0.480
  -0.649    0.077
  -0.268   -0.189
  -1.246    0.566
  -0.158   -0.060
  -0.002    0.005
   4.116   -2.271
   0.463    0.308
  -2.934    3.021
  -1.194    0.445
  -2.358    2.187
  -2.530    0.562
  -0.025   -0.457
  -0.445   -3.407
  -1.809   -0.314
   0.149    0.001
   3.368   -2.222
   0.813   -0.640
  -2.343   -0.057
   0.496   -1.142
  -0.743    0.936
  -0.266   -0.068
  -0.506    0.095
  -0.408    0.472
  -0.579    4.887
  -0.956   -0.168
   2.368   -0.836
  -0.385   -0.033
   2.423    1.195
  -3.587    1.000
   1.898    1.312
  -1.205    0.202
  -0.452    0.338
  -2.958    0.466
   0.076    0.453
   1.511   -0.075
  -0.226    2.335
  -1.167   -2.213
   0.522   -0.153
  -0.501    0.262
   2.427   -1.779
   1.781   -1.354
  -0.289   -0.916
   0.035   -1.221
   0.296   -0.235
   0.778    1.559
  -0.102   -0.411
  -1.826    1.929
   1.625   -0.450
  -0.817    1.895
   0.451    0.369
  -1.128    2.275
   0.874    0.173
   0.866    0.386
   2.624   -1.176
  -0.306   -0.546
   0.910   -0.513
   0.829    1.591
  -1.689    0.541
   3.021   -0.854
  -0.874    0.426
  -0.077   -0.191
  -1.989    1.864
   1.211    1.380
   0.277   -0.148
   0.342    0.264
  -2.012    1.221
  -0.715    1.314
   2.637    1.212
  -0.426   -1.261
   1.266   -0.286
   2.157   -2.335
   0.451   -0.299
  -0.028   -1.482
  -0.285   -0.208
   0.137    0.028
   2.341   -1.367
  -0.022   -0.573
  -1.901    1.897
   0.461   -2.165
   0.168    0.669
  -0.588    2.224
   0.329    0.307
   3.025    0.826
   0.241    0.074
   0.043    0.300
  -0.150   -0.050
  -2.614    0.729
  -2.303    0.854
   0.382   -1.224
  -0.112   -0.416
   3.675   -0.215
  -3.422    1.577
  -0.014    0.009
   1.494   -2.115
   0.120   -0.943
   2.806   -0.915
   0.439   -1.906
   1.208   -0.649
   2.419   -1.444
   0.671   -0.265
   0.054   -0.237
   1.477    0.839
   2.399    0.380
   2.463   -1.532
   1.190    0.473
  -0.694    1.786
   1.857   -1.074
  -0.274    0.582
   0.813   -0.805
   0.456    2.097
  -0.473   -1.142
  -0.377    2.563
  -0.252    0.093
   0.780    2.161
  -0.258    2.859
   3.651    0.103
   1.659   -0.341
&
@  s1 type xy
@  s1  symbol size    0.7500
@  s1  symbol fill  0
@  s1  symbol 2
@  s1  symbol color   2
@  s1  linestyle 0
@  s1  color   2
@  legend string   1 "High resolution"
   0.200   -0.538
   1.726    0.147
   0.141   -0.216
   0.654    0.273
   0.429   -1.892
  -1.138   -0.302
   0.168   -0.797
  -0.047    0.045
  -0.126    0.136
   0.013    0.041
  -0.020   -0.182
   0.029   -0.134
  -0.423   -2.465
  -0.059   -1.621
  -0.318   -0.334
  -0.087    0.292
  -0.241    0.088
   0.667   -1.300
  -0.848   -0.046
  -0.094   -0.296
  -0.738    0.476
  -0.048   -0.005
  -0.630   -0.247
  -0.817   -0.641
  -0.101    0.033
  -0.078    0.251
   0.130    0.229
  -0.444   -0.125
  -0.167    0.402
   0.036   -1.587
   0.105   -0.106
  -0.490    0.087
   0.076    0.337
  -0.288   -0.058
   0.265    0.162
   0.168    0.116
  -0.025   -0.065
  -0.163   -0.212
   2.220   -1.600
   0.187   -0.353
  -0.077    0.311
  -0.036   -0.478
   0.160   -0.006
  -0.178   -0.294
   0.315    0.051
  -1.646   -0.082
   0.027    0.352
  -0.413    0.350
  -0.071   -0.436
   0.106   -0.130
   0.082    0.306
  -0.076   -0.034
  -0.289    0.140
  -0.383    0.230
  -0.031   -0.060
  -0.006    0.373
  -0.162   -0.252
  -0.108    0.251
   0.296    0.219
  -0.068    0.147
   0.050   -0.096
   0.143    0.014
  -0.278   -0.055
  -0.019    0.013
   0.598    0.672
   0.375    0.053
  -0.202    0.507
  -0.641   -0.097
  -1.760    0.396
   0.069   -0.019
  -1.502   -0.048
   0.219   -0.406
  -1.918   -0.033
  -0.513   -0.218
   0.409   -0.338
  -0.254    0.555
   0.515    0.749
  -2.120    0.784
  -0.483    1.692
  -0.254   -0.413
   0.871   -1.085
  -0.561    0.402
  -0.121   -0.347
  -0.127   -0.526
   0.723   -0.457
   1.185   -1.065
   0.247    1.613
  -0.821    0.806
  -0.754    0.559
  -1.422    1.093
  -0.002    0.456
   0.055    0.072
  -0.171    0.326
  -0.332   -0.852
   0.179    0.127
  -0.073    0.100
   0.173   -0.002
  -0.004   -0.070
  -0.019    0.039
  -1.285    0.300
   0.146    0.063
  -0.175   -0.125
   0.044    1.998
   0.289    0.600
   0.354   -0.228
   0.185   -0.329
   1.809   -1.439
  -0.091   -0.105
   0.034    0.013
  -0.225    0.307
   0.009    0.447
   0.175    0.076
   0.886   -2.298
  -0.236   -0.184
   0.288   -0.019
  -0.143   -0.196
   0.372    0.177
   0.798    0.128
   0.043   -0.111
   0.117   -0.136
  -0.150    0.211
   0.399   -0.169
  -0.035    0.041
   0.077   -0.664
  -0.113    0.062
  -0.070   -0.203
   0.036   -0.183
  -0.084    0.164
   0.045    0.154
   0.036    0.385
   0.225   -0.469
  -0.246   -0.133
   0.063   -0.167
   0.016   -0.045
   0.175   -0.481
  -0.043   -0.402
  -0.382    0.042
  -0.029    0.097
   0.193   -0.323
   1.720   -0.178
  -0.239    0.218
  -0.006   -0.059
   0.224    0.168
   0.902   -0.429
  -0.245    0.065
   0.017   -0.165
   0.097    0.100
   0.486    0.067
   0.025   -0.085
  -0.322   -0.757
  -0.639   -0.387
   0.045    0.060
   0.453   -0.220
  -0.252    0.033
  -0.165   -0.105
  -0.081    0.056
  -0.227    0.068
   0.339   -0.030
  -0.232    0.005
  -0.803    0.195
  -0.800    0.245
   0.474   -0.154
   1.220   -0.176
   0.064   -0.041
   0.078   -0.333
  -1.687   -0.478
   0.039   -0.255
   1.109   -0.522
  -0.050   -0.428
  -0.117    0.464
  -0.030   -0.014
   0.210    0.026
  -1.238   -0.253
  -0.096   -0.053
   0.771   -0.685
  -0.411   -0.113
  -2.249    0.057
   0.117    0.137
  -0.252   -0.236
   1.621   -2.451
  -0.159   -0.099
  -0.114   -0.159
  -0.103   -0.562
   0.178   -0.062
  -0.669    0.586
  -0.249    0.006
  -0.223    0.789
   0.042   -0.234
   0.239   -0.563
  -0.215    0.247
   0.356   -0.361
  -0.290    0.079
   0.582    0.291
   0.160   -0.121
  -1.591    0.285
   0.245   -0.047
   0.077   -0.030
  -0.182   -0.175
   0.417   -0.768
  -0.716    1.116
  -0.001   -0.350
  -0.090   -0.184
   0.717   -0.402
   0.090    0.237
  -0.216    0.074
   0.277    0.058
   1.525    0.149
  -0.223   -0.957
   0.419   -0.110
   0.164   -0.570
   0.307    0.148
   1.398    0.397
   0.043    0.031
   0.108    0.263
  -0.043   -0.364
  -0.241    0.217
  -0.001    0.200
  -0.184    0.130
   0.124   -0.185
  -0.846    0.386
   0.048   -0.057
   0.104   -0.026
   0.042   -0.403
  -0.103   -0.094
  -0.135    0.138
   0.088   -0.562
   0.095    0.086
   0.055   -0.108
   0.119   -0.099
   0.988   -0.919
  -0.224    0.300
   0.093    1.543
  -0.593    0.477
   0.119   -0.239
   2.432   -1.473
   0.654    0.207
  -0.043    0.771
   0.108   -0.325
   0.009   -0.224
   2.204   -0.411
   0.361    0.145
   0.444   -0.734
  -2.059    0.197
  -0.156    0.269
  -0.322    1.211
   0.323   -0.189
   0.306    0.128
   0.494   -1.724
  -0.187   -0.105
   0.090   -0.160
   0.224    0.262
   0.423   -0.135
   2.030   -1.410
   0.285    0.273
   0.392   -1.348
  -0.474    0.409
   0.445   -0.251
  -0.288    0.094
   0.038    0.139
  -1.752    2.658
   0.350   -1.179
  -0.241   -0.912
   0.020   -0.645
  -1.868    0.087
   0.370   -0.622
   0.143    0.119
   1.971   -0.721
  -0.767    0.453
   0.202    0.113
   0.533   -1.090
   0.217    0.276
   0.119    0.038
   1.155   -0.263
   0.034   -0.217
   1.134   -1.578
  -0.974    0.391
   0.453   -0.000
   0.427   -0.211
   0.172   -0.010
  -0.733    0.336
  -0.080    0.160
  -0.139    0.100
  -1.763    0.161
  -0.378    0.899
  -0.561    0.295
   0.494   -0.424
   0.020   -0.316
  -0.155    0.242
  -0.077    0.012
  -0.125   -0.198
   0.095   -0.135
  -1.568    0.214
  -1.613    0.579
  -0.083    0.140
   0.101   -0.034
   0.313    0.020
   0.135    0.208
   0.288   -0.006
  -0.630   -0.843
   0.300    0.218
   0.387   -0.099
  -0.013    0.130
   0.077    0.088
  -0.497    0.010
  -0.474    0.278
   0.319   -0.343
   0.166   -0.237
  -0.287   -0.213
   0.093    0.172
  -0.328    0.224
  -0.025   -0.421
  -0.332   -0.572
   0.092    0.070
  -0.960    0.065
   0.077   -0.923
   0.133    0.136
  -0.819   -0.958
   0.531   -0.550
  -0.415    0.522
   0.267   -0.187
  -0.001    0.347
  -2.681    1.594
   1.079    0.071
   0.171    0.102
   0.402   -0.128
   0.289   -0.445
   0.375    0.015
   0.226   -0.323
  -0.055    0.017
  -0.128    0.086
  -0.660    0.323
  -1.900    0.060
   0.213   -0.246
   0.206    0.040
   0.183    0.078
   0.170    0.239
   0.301   -0.304
  -0.156    0.032
  -0.091   -0.382
   0.299    0.186
  -0.791    0.133
   0.997   -0.194
   1.529   -0.004
   1.056   -0.031
  -0.634   -0.055
  -0.222    0.032
  -0.441   -0.056
  -0.590    0.677
  -0.355   -0.500
  -0.040    0.083
   0.632   -0.013
   1.972   -1.566
  -0.332    0.136
   1.112   -0.181
   1.320    0.111
   0.247   -0.077
   0.215   -0.021
  -0.047    0.225
  -0.488   -0.685
   0.011    0.191
  -0.041   -1.686
  -0.008    0.016
  -0.165   -0.193
  -0.020   -0.174
   0.279   -0.120
  -0.004   -0.374
  -0.053   -0.187
  -1.144   -0.458
   0.221   -0.265
   0.231   -0.138
  -1.277   -0.187
   0.267   -0.040
   0.315    0.196
  -2.329    0.346
   0.006   -1.028
  -0.107   -0.346
   0.032    0.057
   0.643   -0.211
   0.109    0.054
   0.305   -0.306
  -1.168    0.921
  -1.000    0.644
  -0.834    0.477
   0.039    0.362
   0.306   -0.001
  -0.176    2.004
   2.468   -1.330
  -0.218    0.502
  -0.408    0.543
   0.151   -0.329
   0.038   -0.048
   0.140   -0.176
   0.163   -0.009
   0.203    0.112
   0.065   -0.225
   0.266   -0.238
   0.137    0.098
   0.617   -0.309
  -0.159    0.204
   2.810    0.147
  -0.144    1.531
  -0.264   -0.031
   0.217   -1.646
  -1.455   -0.169
  -0.034    0.247
  -0.182   -0.367
   0.515   -0.033
   0.085    0.118
  -1.077    0.142
  -0.843    0.086
   0.045    0.063
   2.010   -0.445
   0.180    0.135
   0.353   -0.117
   0.054   -0.208
   0.297    0.179
   0.848    0.025
  -1.598    0.370
  -0.439   -0.587
   0.167    1.003
  -0.035   -0.343
   0.226    1.333
  -0.193    0.117
  -0.005   -0.040
   0.038   -1.764
   0.536   -0.038
  -0.524   -0.167
   0.539   -0.066
  -0.212   -1.899
  -0.154   -0.075
   0.072    1.465
  -0.286   -0.060
   0.181    1.562
  -1.118    0.009
  -0.331    0.229
   0.646    1.247
  -0.366   -0.296
   0.019   -0.265
  -0.277    1.288
   0.496   -0.384
   0.403   -0.666
   0.250   -0.415
   0.103   -0.012
  -0.074   -0.071
  -0.672   -1.372
  -0.154    0.071
   1.111   -1.209
   0.178   -0.220
   0.065   -0.035
  -0.266   -0.090
  -0.157    0.212
  -0.231   -0.106
   0.215    0.015
  -0.639    0.018
  -0.315   -0.023
   0.561   -0.248
  -1.186    1.319
   2.113   -2.188
   0.224    0.019
   0.136   -0.298
  -0.187    0.233
   2.158   -0.894
   0.670   -1.192
   0.032    0.015
  -0.839    0.361
   0.299   -0.149
  -0.159    1.978
  -0.079    0.518
  -0.115    0.250
  -0.022    0.098
   0.261    0.137
  -1.294    0.861
   0.220   -0.108
   0.064   -0.318
  -0.694   -0.182
   1.022    0.358
  -0.915    0.655
  -0.095    0.039
  -0.193    0.306
   0.024   -0.201
  -0.444    0.191
   1.931   -0.639
   0.820   -0.316
   0.628   -1.929
   0.231    0.164
   0.210    0.090
  -0.310   -2.064
   1.628    0.691
  -1.233    0.924
   0.371   -1.638
  -0.051    0.011
   0.116    1.902
   0.138   -1.800
   0.378   -0.794
   0.085   -0.106
  -0.365   -0.501
   1.480    0.145
  -0.444    0.027
  -0.955    0.620
   0.094   -0.067
   0.017    0.064
  -0.133    1.085
  -0.044   -1.538
  -0.083   -0.101
  -0.131    0.265
  -0.200   -0.112
   0.311    0.263
   0.385    0.172
   0.080   -0.111
  -0.099    0.133
   0.071    0.449
   1.899   -0.307
   0.131    0.003
  -0.047   -0.104
  -1.391    0.181
  -0.084    0.391
  -0.276   -0.069
  -0.121    1.680
  -0.151   -0.015
   0.092   -0.306
   0.194    0.059
   0.266   -0.070
  -0.599    0.127
   0.233    0.144
  -0.013    1.503
   0.150   -0.437
   0.032    0.003
   0.053   -0.024
   0.006   -0.787
  -0.007   -0.472
  -1.932    0.964
   0.207    1.256
   0.181   -0.192
  -1.006    1.156
   1.954   -0.534
  -0.007   -0.256
   1.042    1.604
   0.081    0.227
  -0.141    0.217
   0.933   -0.085
   0.231    0.246
   0.659    0.500
   0.710    0.620
   0.039   -0.128
  -0.237    0.013
  -0.185    0.053
   1.561    0.027
   0.670   -0.024
  -1.278   -0.742
  -0.179    1.067
  -0.318    0.141
   0.370   -0.967
  -0.347   -0.261
   0.102    0.155
  -0.372    0.283
  -0.072   -0.150
   0.267   -0.041
   0.030   -1.327
  -1.468   -0.195
  -0.032    0.198
  -0.293   -0.392
  -0.296    1.065
  -0.385    0.118
   0.458   -0.052
   0.206   -0.475
   0.920   -0.071
  -0.022    0.128
  -0.229    0.305
   1.492    0.897
  -0.403    0.163
   0.134    0.279
  -0.392    0.408
  -1.894   -0.060
  -0.286    0.147
   1.220   -0.381
  -0.076    0.268
  -1.084    0.624
   0.396   -0.627
  -0.096   -0.282
  -0.102   -0.082
  -0.004   -0.829
  -0.109   -0.069
   0.176    0.554
  -0.108    0.269
   0.014    0.785
  -0.158    0.194
  -0.040    0.685
  -0.254   -0.111
   0.340    0.107
   1.454    0.088
   0.631    0.264
   1.047   -0.453
   0.163    0.081
  -0.182    0.266
   2.626   -0.958
  -0.714    0.050
  -0.174    0.165
   1.264    0.294
   0.808    1.268
   0.358    0.033
   0.758   -0.143
  -2.204    1.823
  -0.244    0.015
  -0.807   -0.614
   0.582    1.088
  -0.719    0.020
  -1.083   -0.041
  -0.080   -0.721
  -0.080    2.012
  -0.525   -1.426
  -0.155    0.221
   0.207   -0.074
   2.194   -0.148
  -0.609    0.388
   0.140    0.222
  -0.326    1.911
   0.219    0.353
   1.062   -2.000
   1.613   -0.220
   0.421   -0.058
   0.142    0.342
   0.444   -0.190
   0.520   -0.257
  -1.425    0.205
   0.335    2.212
  -0.097    0.015
   0.841    0.186
  -0.099   -0.017
  -0.136   -0.099
   0.652   -1.189
   0.619   -0.924
   0.296   -0.524
   0.067    0.144
  -0.148    1.824
  -0.488    0.499
   1.887   -0.882
  -0.070   -0.593
   0.146    0.560
  -0.101   -0.073
  -0.143    1.824
   0.275    0.046
  -0.441   -0.238
   0.511    2.303
   1.084    1.485
  -0.845    0.440
   0.802    0.108
  -0.251   -0.251
   0.084   -0.309
  -0.282    0.007
   0.478   -0.017
   0.106   -1.634
   0.395   -0.744
   0.084   -0.209
   0.001   -0.144
  -0.486   -0.650
  -0.340   -1.139
   0.099   -0.038
   0.386    1.599
  -0.124    1.652
  -0.565   -0.314
   0.650   -0.204
  -0.011   -0.419
  -0.315    0.754
  -0.063    0.250
   0.404   -0.048
   0.273   -0.026
   0.233   -0.232
  -2.427   -0.198
   0.039   -0.513
   0.093    1.940
   0.091    0.133
  -0.372    0.116
  -1.559   -0.031
   0.290    0.051
  -0.259    0.316
   0.079   -0.239
  -0.244    0.084
   0.981    0.115
   0.683   -0.926
  -0.182    0.047
   1.912    0.541
   0.155   -0.067
   0.177   -0.111
   2.082    0.866
  -1.007   -0.150
   0.365   -0.682
   0.078   -0.008
   0.062   -0.256
   2.345   -1.307
  -0.226   -0.131
   0.325    0.006
  -0.385   -1.842
   0.625   -1.247
  -0.047   -0.137
  -0.310    0.918
  -0.339    0.337
   0.336   -0.023
  -0.848    1.060
   0.415   -0.002
  -0.128    0.194
   1.210   -0.631
  -0.034   -0.128
  -0.008    0.189
  -1.691   -0.010
  -0.232    0.099
  -0.300   -0.225
  -1.941   -0.131
  -0.270   -0.002
   0.506    0.412
   1.963    0.218
  -0.277    0.370
   0.392   -0.028
  -1.009    0.435
  -2.434    0.079
   0.058    0.135
   0.864    2.128
   0.438   -0.934
   0.020   -0.267
   0.261    0.013
   0.200   -0.375
   0.259    0.094
  -0.295    1.468
   0.312   -0.108
   0.021   -1.888
   0.373    0.114
  -0.809    0.361
  -0.317    0.101
   1.550   -1.862
  -0.300    0.121
  -0.311   -0.296
   0.532   -1.330
  -0.346    0.225
  -0.168   -1.397
   0.305    0.950
  -0.059   -0.189
  -0.083    0.355
  -0.285    0.081
   0.036   -1.384
  -0.642    0.745
  -0.469    0.935
   0.280    0.164
  -2.216    0.113
   0.226   -0.099
  -0.674    0.645
  -0.039   -0.127
   0.769    0.053
  -0.546    1.149
   2.113   -0.118
  -0.504    0.449
   2.029   -0.913
   0.118   -1.039
  -0.449    0.236
  -0.214   -0.023
  -0.481    0.067
  -0.143    0.015
   0.749    0.044
   1.614   -0.018
   0.413   -2.344
   0.089   -0.250
   0.338    0.032
   0.052   -0.110
  -0.293    0.006
   0.068    2.090
   0.762    0.135
   0.358    0.218
   0.374    1.527
  -0.558   -0.186
   0.272   -0.463
  -0.459    0.141
  -0.143    0.149
  -1.915    0.085
  -0.446   -0.065
  -0.047    0.195
  -1.254    0.454
   0.544   -0.199
  -0.288   -0.100
   0.094    0.048
   0.208   -1.414
  -0.150    0.028
  -0.424    0.041
  -0.786   -0.192
   0.188    0.214
   0.065   -0.459
  -0.092    0.058
   0.635   -0.469
   0.205    1.726
   0.165    0.275
   0.110   -0.290
   1.943   -0.304
   1.992   -0.930
  -0.875    0.449
  -1.298    0.717
   0.269   -0.216
   1.375   -0.223
  -0.182    0.471
   0.106   -0.012
   0.584    1.092
   0.182   -0.145
  -0.002    0.024
   0.217    1.070
  -1.576    0.748
  -0.252   -0.059
  -0.744    0.242
  -1.455   -0.677
   0.677    0.222
  -0.252   -0.543
  -0.223    0.169
   0.190    0.052
   0.558    1.723
   0.148    0.419
  -0.205    0.128
   0.240   -0.111
   0.049   -0.172
  -0.008   -0.021
   0.186   -0.008
  -2.698   -0.033
   0.069    0.359
  -1.078    0.592
  -0.189    0.281
  -0.788    0.744
  -0.090    0.365
  -0.214    0.031
  -0.017    0.255
   2.068    0.003
  -0.218   -0.071
   0.067   -0.292
  -0.018   -0.045
  -2.094    0.197
   0.044    0.029
   0.100   -0.102
  -0.517   -0.151
  -0.036   -0.309
   0.466    0.128
  -0.062    0.184
   1.611   -1.351
  -0.608    1.205
  -0.115    0.012
  -0.997    0.741
  -0.715    0.737
   0.260    0.076
  -0.798   -0.085
   0.255   -0.275
  -2.494    0.331
  -0.079   -0.043
   0.339   -0.456
   0.989   -1.704
  -0.003    0.418
   0.584    1.274
   0.043   -0.196
   0.387   -0.631
  -0.065    0.379
  -0.174    0.191
  -0.804    0.067
   0.175    0.542
  -0.436    0.165
  -1.349    1.636
  -0.070    0.256
   0.396   -0.092
   1.157   -2.233
   1.385   -1.164
  -0.937    0.485
   0.040    0.005
   0.131   -0.223
   0.267    1.278
  -1.493    1.199
   0.021    0.227
  -0.168    0.069
  -0.289   -0.009
   0.190    1.828
  -0.399   -0.050
  -0.233   -0.114
   0.082    0.205
  -0.663    0.432
   0.196   -0.199
  -0.194   -0.248
  -0.445    0.078
  -0.242   -0.074
   0.244   -0.186
  -0.522    0.035
  -0.123    0.066
  -0.369    0.202
   0.049   -0.299
  -0.102   -0.174
  -1.962    0.558
  -0.428   -0.398
  -0.283   -0.209
   0.334    0.077
   0.897   -2.266
  -2.296    0.646
  -0.173    0.206
  -0.043    0.116
  -1.072    0.631
  -0.432    0.637
   0.147    0.261
  -0.401    0.377
  -0.140    0.209
  -1.209    1.929
   0.271    0.305
   0.322   -0.141
   1.763   -2.136
   1.643   -0.944
  -0.125   -0.039
   1.131    0.122
  -0.726   -0.008
  -1.931    0.054
   0.604   -0.643
   0.905   -0.515
   0.236    0.193
  -0.610    0.652
  -0.093    0.268
  -0.067   -0.381
   0.884    0.407
   0.359    0.150
  -1.266    0.167
   0.391   -0.440
  -0.793    1.274
   2.148   -0.572
  -0.228   -0.003
   0.415    1.344
   0.337   -0.497
   0.581   -0.117
   0.575    0.149
   0.286   -0.197
  -0.148   -1.755
  -0.241   -1.105
   0.123   -0.227
  -0.055   -0.653
  -0.018    0.123
  -0.312    0.117
   0.352   -0.033
   0.146   -0.024
   0.027    0.045
  -0.113   -1.650
  -0.124   -0.295
  -0.182    0.113
  -1.730    0.140
   0.180    0.132
  -0.277    0.006
   0.155   -0.187
   0.538   -0.485
  -1.406   -0.422
   0.797   -0.814
  -0.802    1.011
   0.039   -0.151
   0.387   -2.418
  -0.702    0.253
   1.588    0.299
   1.909   -0.969
   0.081    0.591
  -0.490    0.627
   0.285   -0.222
   0.286    0.116
   0.446    0.029
   0.426    0.215
   0.603   -0.428
   0.272   -0.203
   0.050    0.331
  -0.186    0.033
   0.008    0.262
   0.123   -0.259
  -0.500    0.332
  -0.385   -0.276
   0.063    2.029
  -0.073   -0.196
  -0.013   -0.041
  -0.095    0.110
  -0.162    0.053
  -0.082   -0.080
  -0.013   -0.202
  -0.150    0.272
  -0.361   -0.543
   0.339   -0.201
   0.073   -0.050
   0.113   -0.188
  -0.024   -1.513
   0.356    0.057
  -0.047    0.046
  -0.683   -0.317
   1.913   -0.199
   1.582   -0.093
  -0.302   -0.072
  -0.042   -0.847
  -0.802   -0.092
  -0.983    0.561
   0.030    0.048
  -0.539   -0.805
   0.184   -0.109
   0.555   -0.008
  -0.182    0.343
  -0.223    1.309
   0.097    0.782
   0.163    2.510
   0.998   -0.454
  -0.016    1.490
   0.239    0.230
   0.039    0.106
   0.219   -0.282
   0.180   -0.073
  -0.066   -0.840
  -1.636    0.292
  -2.033   -1.188
   0.502   -0.050
   0.025    0.329
   0.045    1.298
   0.172   -0.076
   0.212    0.260
   1.423   -0.339
   0.233   -0.177
   1.794   -0.140
   0.718    0.202
   0.066    0.172
  -0.209    0.651
   0.068    0.091
  -0.172    0.098
  -2.342   -0.222
   0.100    0.105
  -0.728    2.244
   0.025   -0.019
   0.238   -0.110
   2.312   -0.233
  -0.069    0.431
   0.094    0.301
   0.110    0.041
  -0.077   -0.036
  -0.343   -0.407
  -0.130   -0.705
   0.075    0.464
  -0.230    0.412
   1.618   -0.428
   0.012   -0.009
  -0.441    1.329
   0.160   -0.796
   0.212    1.554
   0.496   -0.591
   0.088   -0.041
   0.487    0.458
   0.357   -0.062
   0.142   -0.176
   0.506   -0.204
   0.020    0.262
  -1.445   -0.035
   0.297   -0.489
  -0.940    0.220
  -1.246    1.611
   0.082    0.083
   1.171   -0.284
   1.821   -0.168
   0.284   -0.491
   0.548   -0.138
   1.833    0.146
   0.005   -0.407
  -0.490    0.006
  -0.339   -0.165
  -0.003    0.266
  -0.592    1.853
  -0.608    0.445
   0.427    0.187
  -0.378   -0.328
  -0.369    0.124
  -0.314   -0.282
   0.024   -0.466
   1.371    0.142
   0.455    0.127
  -0.894    0.119
  -0.315    0.184
   0.263   -0.088
   0.091   -0.142
  -0.207   -0.032
   0.042   -0.169
  -2.174    1.446
  -0.205   -0.057
   0.280   -0.216
   0.004   -0.106
  -0.281    0.105
  -0.067   -1.492
   2.682    1.531
  -0.646   -0.075
  -0.149   -0.518
  -0.142    0.186
   0.212   -0.500
   0.736    0.381
   0.143    0.333
   1.811   -0.570
  -1.022    0.366
   0.228   -0.240
  -0.187    0.831
   0.223    1.395
   0.689   -1.318
  -0.073   -0.010
   0.020    0.234
  -0.212    0.023
   1.316    0.212
   0.364   -0.539
   2.187   -0.200
  -0.132    1.041
   0.017   -0.559
  -0.220   -0.466
  -1.533   -0.062
  -0.051   -0.353
   0.105    0.042
  -0.586    0.317
  -1.166    0.228
   0.247   -0.551
  -0.396    1.180
  -0.141   -0.029
   0.070    0.067
   0.223    0.842
  -0.183    0.148
   0.156   -0.419
   0.922    1.204
   0.469   -0.545
   0.286    0.071
   1.088   -0.417
  -0.034    0.113
  -0.251   -1.273
   0.989   -0.396
  -0.186   -1.383
   0.300    1.500
   0.284   -0.056
   1.683   -0.066
  -0.230   -1.119
  -0.064   -0.071
   1.952   -0.540
   0.177    1.808
  -0.469   -0.846
   0.314   -1.662
   0.280    0.796
  -1.765    0.371
   0.062    0.368
  -0.383   -1.784
  -0.020   -1.030
   0.073   -0.224
  -0.344   -0.013
   0.001   -0.124
  -0.507   -0.195
  -0.028   -1.196
   0.275    0.517
   0.522   -0.721
  -0.161   -0.339
  -0.037   -0.196
   0.071    0.091
  -0.112    1.010
  -0.511   -0.471
  -0.318   -0.072
   0.259    0.004
   0.215   -0.497
   0.099    0.307
  -0.455   -0.561
  -0.289   -0.037
  -1.798    0.244
  -0.270   -0.157
  -0.299   -0.006
  -0.328    0.096
   0.174    0.429
   1.067    0.061
   0.070   -0.077
  -0.092   -0.232
  -0.376    0.303
   0.027   -0.152
  -0.039   -0.183
  -0.697   -0.176
  -0.456    1.233
   0.574   -0.131
   0.066   -0.409
   0.173   -0.123
   0.130   -1.265
  -0.362   -0.261
  -0.178    0.016
   0.044    0.102
  -0.230    0.119
   0.166   -0.355
   0.147   -0.046
   0.338   -1.348
  -0.870   -0.865
  -0.331   -0.150
   0.147    0.327
  -0.033    0.150
   0.454    0.107
  -0.280   -0.348
   0.431   -0.252
  -0.286   -0.070
   0.781   -0.048
   0.687    0.077
  -0.098    0.076
  -0.028   -0.007
   0.698    0.172
   0.785   -0.290
  -0.073   -0.100
   0.159    0.174
  -0.555    0.021
   0.493    0.425
  -0.041    0.072
  -1.933    0.107
   2.010   -0.437
  -0.243   -0.571
  -0.266   -0.800
   0.433   -0.632
  -0.023    0.468
  -0.038   -0.467
  -0.185    0.013
  -0.994   -0.465
  -0.329   -0.056
  -1.310   -0.205
  -0.666    0.173
  -0.169    0.025
   0.407   -0.283
  -0.218   -0.391
   0.054    0.155
  -0.091    0.104
  -1.509   -0.311
  -0.174   -0.208
  -0.798   -0.018
   0.108   -1.697
   0.172   -1.177
  -0.724    0.080
  -0.714   -0.028
  -0.092   -0.453
   0.234    0.160
  -0.744   -0.025
  -0.054   -0.079
   0.185    1.080
   0.712   -0.188
  -0.417   -0.023
  -0.517   -0.319
  -0.413   -0.205
  -0.325   -0.000
  -0.256   -1.158
  -0.224   -1.104
   0.290    0.122
  -0.274   -0.031
  -0.468    0.469
  -0.197    0.508
  -0.068   -1.872
  -0.181   -1.579
  -2.115   -0.034
  -0.254   -0.360
  -0.429   -0.163
   0.079   -0.232
  -1.690    0.117
  -0.428    0.224
   0.107   -0.261
  -1.403   -0.153
  -0.101    0.011
  -0.374   -0.221
  -0.156   -0.852
  -0.368   -0.440
  -1.242    0.111
  -0.037   -1.440
  -0.100   -0.120
   0.003    0.284
  -0.119   -0.347
  -0.358   -0.055
  -0.009    0.040
   0.373    0.564
  -0.089    0.052
  -0.158    0.010
   1.737   -0.078
  -0.334   -0.022
  -0.959    0.179
   0.419   -0.264
   0.131    0.013
  -0.864    0.033
  -0.438    1.609
  -0.351   -0.477
   0.295    0.623
  -0.429    1.809
   0.046   -0.892
   2.184    0.078
   0.100   -0.720
  -0.296   -0.055
  -0.391    0.106
  -0.063   -0.523
   0.460   -0.323
  -0.031   -0.463
  -0.476   -0.192
  -0.190   -0.909
  -0.531    0.120
   0.300    0.112
  -0.717   -0.010
  -0.065    0.106
   0.408   -0.239
  -0.039   -1.631
   0.286   -0.440
   0.608   -0.223
  -0.282    0.059
   0.387    0.329
&
@ s2 color 1
@ s2 linestyle 1
  -10.0000  -10.0000
   10.0000   10.0000
&
