@version 40102
@ title "Normal probability plot"
@with G0
@  world xmin   -4.0000
@  world xmax    4.0000
@  world ymin   -5.0000
@  world ymax    5.0000
@  view xmin    0.0500
@  view xmax    0.6500
@  view ymin    0.1500
@  view ymax    0.8500
@  xaxis  tick on
@  xaxis  tick major    1.0000
@  xaxis  label "Delta(expected)"
@  xaxis  tick major grid on
@  xaxis  tick minor ticks 0
@  yaxis  tick on
@  yaxis  tick major    1.0000
@  yaxis  label "Delta(observed)"
@  yaxis  tick major grid on
@  yaxis  tick minor ticks 0
@  legend loctype world
@  legend x1     0.800
@  legend y1     0.000
@  legend color 1
@  legend vgap 2
@  legend hgap 1
@  legend length 1
@  legend font 4
@  legend char size 0.8
@  legend on
@G0 on
@  s0 type xy
@  s0  symbol size    0.5000
@  s0  symbol fill  0
@  s0  symbol 2
@  s0  symbol color   1
@  s0  linestyle 0
@  s0  color   1
@  legend string   0 "Run 1: New partials"
   -3.4837   -4.9891
   -3.4696   -4.9842
   -3.4562   -4.9740
   -3.4433   -4.9425
   -3.4311   -4.9163
   -3.4193   -4.8917
   -3.4079   -4.8892
   -3.3970   -4.8544
   -3.3864   -4.8290
   -3.3763   -4.8177
   -3.3664   -4.8164
   -3.3569   -4.7774
   -3.3477   -4.7412
   -3.3387   -4.7256
   -3.3300   -4.7242
   -3.3215   -4.7025
   -3.3133   -4.7014
   -3.3053   -4.6751
   -3.2975   -4.6739
   -3.2899   -4.6028
   -3.2825   -4.5867
   -3.2753   -4.5788
   -3.2682   -4.5762
   -3.2613   -4.5446
   -3.2545   -4.5394
   -3.2479   -4.4884
   -3.2414   -4.4577
   -3.2351   -4.4576
   -3.2289   -4.4405
   -3.2228   -4.4290
   -3.2168   -4.4229
   -3.2110   -4.3878
   -3.2053   -4.3692
   -3.1996   -4.3544
   -3.1941   -4.3360
   -3.1886   -4.2974
   -3.1833   -4.2515
   -3.1780   -4.2480
   -3.1728   -4.2219
   -3.1677   -4.2200
   -3.1627   -4.2163
   -3.1577   -4.2077
   -3.1529   -4.2056
   -3.1481   -4.1516
   -3.1434   -4.1141
   -3.1387   -4.1034
   -3.1341   -4.0872
   -3.1296   -4.0864
   -3.1252   -4.0624
   -3.1208   -4.0554
   -3.1164   -4.0381
   -3.1122   -4.0243
   -3.1079   -4.0162
   -3.1038   -4.0135
   -3.0996   -4.0104
   -3.0956   -3.9985
   -3.0915   -3.9963
   -3.0876   -3.9704
   -3.0837   -3.9603
   -3.0798   -3.9596
   -3.0760   -3.9343
   -3.0722   -3.9188
   -3.0685   -3.8906
   -3.0648   -3.8852
   -3.0611   -3.8839
   -3.0576   -3.8806
   -3.0540   -3.8692
   -3.0505   -3.8634
   -3.0470   -3.8567
   -3.0435   -3.8481
   -3.0401   -3.8413
   -3.0367   -3.8223
   -3.0334   -3.8194
   -3.0300   -3.7871
   -3.0267   -3.7670
   -3.0235   -3.7603
   -3.0203   -3.7487
   -3.0171   -3.7422
   -3.0139   -3.7209
   -3.0108   -3.7208
   -3.0077   -3.7189
   -3.0046   -3.7071
   -3.0016   -3.6961
   -2.9986   -3.6935
   -2.9956   -3.6826
   -2.9926   -3.6770
   -2.9897   -3.6766
   -2.9868   -3.6732
   -2.9839   -3.6637
   -2.9810   -3.6619
   -2.9782   -3.6615
   -2.9754   -3.6550
   -2.9726   -3.6190
   -2.9698   -3.6125
   -2.9671   -3.6119
   -2.9644   -3.6088
   -2.9617   -3.6052
   -2.9590   -3.6039
   -2.9563   -3.5995
   -2.9537   -3.5948
   -2.9511   -3.5880
   -2.9485   -3.5877
   -2.9459   -3.5856
   -2.9433   -3.5761
   -2.9408   -3.5659
   -2.9383   -3.5597
   -2.9358   -3.5595
   -2.9333   -3.5551
   -2.9308   -3.5526
   -2.9284   -3.5463
   -2.9260   -3.5450
   -2.9236   -3.5439
   -2.9211   -3.5428
   -2.9188   -3.5292
   -2.9164   -3.5221
   -2.9141   -3.5198
   -2.9117   -3.5179
   -2.9094   -3.5167
   -2.9071   -3.5135
   -2.9048   -3.5116
   -2.9026   -3.5101
   -2.9003   -3.5082
   -2.8981   -3.4999
   -2.8958   -3.4933
   -2.8936   -3.4927
   -2.8914   -3.4911
   -2.8892   -3.4908
   -2.8871   -3.4746
   -2.8849   -3.4640
   -2.8828   -3.4548
   -2.8806   -3.4492
   -2.8785   -3.4446
   -2.8764   -3.4443
   -2.8743   -3.4345
   -2.8723   -3.4249
   -2.8702   -3.4221
   -2.8681   -3.4178
   -2.8661   -3.3964
   -2.8641   -3.3889
   -2.8620   -3.3871
   -2.8600   -3.3737
   -2.8580   -3.3639
   -2.8561   -3.3560
   -2.8541   -3.3542
   -2.8521   -3.3367
   -2.8502   -3.3260
   -2.8482   -3.3241
   -2.8463   -3.3225
   -2.8444   -3.3217
   -2.8425   -3.3160
   -2.8406   -3.2992
   -2.8387   -3.2988
   -2.8368   -3.2931
   -2.8349   -3.2891
   -2.8331   -3.2873
   -2.8312   -3.2845
   -2.8294   -3.2844
   -2.8276   -3.2777
   -2.8257   -3.2757
   -2.8239   -3.2730
   -2.8222   -3.2717
   -2.8204   -3.2604
   -2.8186   -3.2585
   -2.8168   -3.2425
   -2.8150   -3.2373
   -2.8133   -3.2324
   -2.8115   -3.2248
   -2.8098   -3.2221
   -2.8081   -3.2199
   -2.8063   -3.2167
   -2.8046   -3.2142
   -2.8029   -3.2137
   -2.8012   -3.2116
   -2.7995   -3.2088
   -2.7979   -3.2046
   -2.7962   -3.2013
   -2.7945   -3.2009
   -2.7928   -3.1999
   -2.7912   -3.1966
   -2.7896   -3.1937
   -2.7879   -3.1876
   -2.7863   -3.1834
   -2.7847   -3.1775
   -2.7831   -3.1742
   -2.7815   -3.1726
   -2.7798   -3.1654
   -2.7782   -3.1647
   -2.7767   -3.1598
   -2.7751   -3.1569
   -2.7735   -3.1517
   -2.7720   -3.1501
   -2.7704   -3.1453
   -2.7688   -3.1422
   -2.7673   -3.1336
   -2.7658   -3.1316
   -2.7642   -3.1272
   -2.7627   -3.1261
   -2.7612   -3.1229
   -2.7597   -3.1193
   -2.7582   -3.1153
   -2.7567   -3.1140
   -2.7552   -3.1130
   -2.7537   -3.1129
   -2.7522   -3.1088
   -2.7507   -3.1086
   -2.7493   -3.1085
   -2.7478   -3.1054
   -2.7463   -3.1038
   -2.7449   -3.1001
   -2.7435   -3.0997
   -2.7420   -3.0962
   -2.7406   -3.0955
   -2.7391   -3.0953
   -2.7377   -3.0951
   -2.7363   -3.0948
   -2.7349   -3.0869
   -2.7335   -3.0831
   -2.7321   -3.0809
   -2.7307   -3.0774
   -2.7293   -3.0761
   -2.7279   -3.0734
   -2.7265   -3.0670
   -2.7252   -3.0623
   -2.7238   -3.0614
   -2.7224   -3.0587
   -2.7211   -3.0559
   -2.7197   -3.0542
   -2.7184   -3.0514
   -2.7170   -3.0473
   -2.7157   -3.0392
   -2.7143   -3.0351
   -2.7130   -3.0332
   -2.7117   -3.0312
   -2.7104   -3.0271
   -2.7090   -3.0230
   -2.7077   -3.0180
   -2.7064   -3.0126
   -2.7051   -3.0096
   -2.7038   -3.0092
   -2.7025   -3.0043
   -2.7012   -3.0033
   -2.6999   -3.0023
   -2.6987   -2.9973
   -2.6974   -2.9972
   -2.6961   -2.9965
   -2.6949   -2.9960
   -2.6936   -2.9934
   -2.6923   -2.9925
   -2.6911   -2.9905
   -2.6898   -2.9882
   -2.6886   -2.9875
   -2.6874   -2.9867
   -2.6861   -2.9858
   -2.6849   -2.9856
   -2.6812   -2.9762
   -2.6800   -2.9731
   -2.6788   -2.9726
   -2.6776   -2.9597
   -2.6752   -2.9552
   -2.6740   -2.9540
   -2.6728   -2.9437
   -2.6716   -2.9418
   -2.6692   -2.9356
   -2.6680   -2.9351
   -2.6669   -2.9331
   -2.6657   -2.9291
   -2.6645   -2.9258
   -2.6634   -2.9250
   -2.6622   -2.9243
   -2.6610   -2.9220
   -2.6599   -2.9199
   -2.6587   -2.9186
   -2.6576   -2.9157
   -2.6564   -2.9157
   -2.6553   -2.9156
   -2.6542   -2.9117
   -2.6530   -2.9012
   -2.6519   -2.8990
   -2.6508   -2.8989
   -2.6497   -2.8986
   -2.6485   -2.8984
   -2.6474   -2.8881
   -2.6463   -2.8819
   -2.6441   -2.8787
   -2.6419   -2.8769
   -2.6408   -2.8717
   -2.6397   -2.8702
   -2.6386   -2.8685
   -2.6375   -2.8643
   -2.6364   -2.8568
   -2.6354   -2.8538
   -2.6343   -2.8533
   -2.6332   -2.8526
   -2.6321   -2.8510
   -2.6311   -2.8510
   -2.6300   -2.8487
   -2.6289   -2.8440
   -2.6279   -2.8405
   -2.6268   -2.8394
   -2.6247   -2.8379
   -2.6237   -2.8322
   -2.6226   -2.8320
   -2.6216   -2.8273
   -2.6205   -2.8250
   -2.6174   -2.8141
   -2.6164   -2.8128
   -2.6154   -2.8123
   -2.6133   -2.8039
   -2.6123   -2.8019
   -2.6113   -2.7939
   -2.6103   -2.7934
   -2.6093   -2.7914
   -2.6083   -2.7891
   -2.6073   -2.7873
   -2.6063   -2.7862
   -2.6053   -2.7846
   -2.6043   -2.7831
   -2.6033   -2.7815
   -2.6023   -2.7746
   -2.6013   -2.7744
   -2.6003   -2.7731
   -2.5993   -2.7665
   -2.5984   -2.7659
   -2.5974   -2.7649
   -2.5964   -2.7643
   -2.5954   -2.7641
   -2.5945   -2.7616
   -2.5935   -2.7521
   -2.5925   -2.7509
   -2.5916   -2.7493
   -2.5906   -2.7477
   -2.5896   -2.7436
   -2.5887   -2.7421
   -2.5877   -2.7413
   -2.5868   -2.7412
   -2.5849   -2.7392
   -2.5839   -2.7392
   -2.5821   -2.7328
   -2.5811   -2.7322
   -2.5802   -2.7310
   -2.5783   -2.7289
   -2.5774   -2.7255
   -2.5765   -2.7197
   -2.5755   -2.7175
   -2.5737   -2.7148
   -2.5728   -2.7146
   -2.5719   -2.7145
   -2.5700   -2.7082
   -2.5682   -2.7052
   -2.5673   -2.7045
   -2.5664   -2.7041
   -2.5655   -2.7040
   -2.5637   -2.7008
   -2.5628   -2.7004
   -2.5601   -2.6967
   -2.5584   -2.6911
   -2.5557   -2.6882
   -2.5514   -2.6840
   -2.5505   -2.6826
   -2.5496   -2.6819
   -2.5479   -2.6795
   -2.5462   -2.6734
   -2.5453   -2.6702
   -2.5428   -2.6690
   -2.5419   -2.6627
   -2.5403   -2.6568
   -2.5377   -2.6546
   -2.5360   -2.6523
   -2.5344   -2.6485
   -2.5319   -2.6427
   -2.5286   -2.6362
   -2.5278   -2.6341
   -2.5270   -2.6333
   -2.5262   -2.6323
   -2.5254   -2.6305
   -2.5237   -2.6266
   -2.5229   -2.6233
   -2.5197   -2.6160
   -2.5165   -2.6047
   -2.5149   -2.6031
   -2.5125   -2.5997
   -2.5118   -2.5987
   -2.5102   -2.5968
   -2.5086   -2.5963
   -2.5071   -2.5934
   -2.5048   -2.5900
   -2.5025   -2.5854
   -2.4979   -2.5801
   -2.4964   -2.5789
   -2.4949   -2.5783
   -2.4941   -2.5776
   -2.4919   -2.5764
   -2.4911   -2.5758
   -2.4904   -2.5746
   -2.4881   -2.5728
   -2.4867   -2.5657
   -2.4859   -2.5643
   -2.4845   -2.5635
   -2.4837   -2.5625
   -2.4815   -2.5602
   -2.4750   -2.5467
   -2.4743   -2.5464
   -2.4708   -2.5432
   -2.4694   -2.5422
   -2.4679   -2.5411
   -2.4651   -2.5272
   -2.4637   -2.5249
   -2.4617   -2.5168
   -2.4561   -2.5078
   -2.4534   -2.5023
   -2.4507   -2.4991
   -2.4500   -2.4983
   -2.4494   -2.4982
   -2.4487   -2.4965
   -2.4454   -2.4793
   -2.4440   -2.4785
   -2.4434   -2.4762
   -2.4420   -2.4752
   -2.4407   -2.4719
   -2.4401   -2.4717
   -2.4394   -2.4714
   -2.4387   -2.4708
   -2.4368   -2.4654
   -2.4355   -2.4617
   -2.4348   -2.4609
   -2.4335   -2.4601
   -2.4310   -2.4530
   -2.4303   -2.4525
   -2.4290   -2.4505
   -2.4271   -2.4501
   -2.4208   -2.4400
   -2.4195   -2.4396
   -2.4189   -2.4392
   -2.4177   -2.4371
   -2.4146   -2.4339
   -2.4133   -2.4305
   -2.4078   -2.4190
   -2.4072   -2.4187
   -2.4054   -2.4145
   -2.4036   -2.4078
   -2.4030   -2.4076
   -2.4024   -2.4056
   -2.4000   -2.4010
   -2.3964   -2.3942
   -2.3917   -2.3836
   -2.3911   -2.3826
   -2.3888   -2.3798
   -2.3876   -2.3787
   -2.3848   -2.3716
   -2.3807   -2.3634
   -2.3723   -2.3408
   -2.3679   -2.3323
   -2.3662   -2.3248
   -2.3656   -2.3228
   -2.3602   -2.3145
   -2.3511   -2.2981
   -2.3505   -2.2971
   -2.3468   -2.2898
   -2.3442   -2.2853
   -2.3411   -2.2775
   -2.3405   -2.2760
   -2.3390   -2.2729
   -2.3364   -2.2659
   -2.3349   -2.2630
   -2.3303   -2.2550
   -2.3293   -2.2509
   -2.3288   -2.2475
   -2.3283   -2.2470
   -2.3263   -2.2440
   -2.3144   -2.2247
   -2.3139   -2.2246
   -2.3130   -2.2244
   -2.3115   -2.2227
   -2.3091   -2.2205
   -2.3072   -2.2177
   -2.3067   -2.2158
   -2.3014   -2.2049
   -2.2996   -2.2030
   -2.2986   -2.2028
   -2.2972   -2.2018
   -2.2967   -2.2016
   -2.2944   -2.1998
   -2.2916   -2.1977
   -2.2798   -2.1746
   -2.2788   -2.1744
   -2.2784   -2.1741
   -2.2762   -2.1710
   -2.2753   -2.1701
   -2.2748   -2.1697
   -2.2744   -2.1695
   -2.2717   -2.1677
   -2.2682   -2.1596
   -2.2651   -2.1566
   -2.2638   -2.1522
   -2.2625   -2.1508
   -2.2612   -2.1483
   -2.2552   -2.1401
   -2.2502   -2.1334
   -2.2476   -2.1289
   -2.2443   -2.1210
   -2.2435   -2.1196
   -2.2422   -2.1159
   -2.2418   -2.1155
   -2.2414   -2.1154
   -2.2385   -2.1100
   -2.2373   -2.1087
   -2.2340   -2.1058
   -2.2332   -2.1052
   -2.2292   -2.0986
   -2.2264   -2.0948
   -2.2240   -2.0926
   -2.2228   -2.0906
   -2.2181   -2.0853
   -2.2153   -2.0799
   -2.2142   -2.0788
   -2.2099   -2.0738
   -2.2091   -2.0733
   -2.2084   -2.0714
   -2.2076   -2.0709
   -2.2057   -2.0650
   -2.2053   -2.0635
   -2.2049   -2.0630
   -2.2038   -2.0609
   -2.2011   -2.0563
   -2.2008   -2.0561
   -2.1981   -2.0522
   -2.1974   -2.0513
   -2.1970   -2.0499
   -2.1966   -2.0496
   -2.1940   -2.0467
   -2.1918   -2.0420
   -2.1899   -2.0383
   -2.1892   -2.0371
   -2.1885   -2.0364
   -2.1855   -2.0319
   -2.1848   -2.0303
   -2.1790   -2.0226
   -2.1779   -2.0220
   -2.1758   -2.0200
   -2.1747   -2.0189
   -2.1719   -2.0159
   -2.1676   -2.0064
   -2.1669   -2.0055
   -2.1662   -2.0047
   -2.1631   -1.9990
   -2.1610   -1.9944
   -2.1607   -1.9943
   -2.1596   -1.9935
   -2.1579   -1.9920
   -2.1566   -1.9899
   -2.1548   -1.9881
   -2.1542   -1.9873
   -2.1528   -1.9840
   -2.1518   -1.9808
   -2.1511   -1.9792
   -2.1491   -1.9754
   -2.1477   -1.9735
   -2.1474   -1.9729
   -2.1427   -1.9668
   -2.1424   -1.9648
   -2.1417   -1.9634
   -2.1414   -1.9626
   -2.1407   -1.9614
   -2.1364   -1.9558
   -2.1338   -1.9519
   -2.1325   -1.9503
   -2.1315   -1.9494
   -2.1293   -1.9459
   -2.1280   -1.9444
   -2.1273   -1.9439
   -2.1254   -1.9399
   -2.1251   -1.9397
   -2.1244   -1.9395
   -2.1241   -1.9391
   -2.1212   -1.9323
   -2.1209   -1.9319
   -2.1206   -1.9316
   -2.1197   -1.9310
   -2.1194   -1.9306
   -2.1171   -1.9266
   -2.1165   -1.9259
   -2.1159   -1.9246
   -2.1137   -1.9206
   -2.1134   -1.9199
   -2.1081   -1.9115
   -2.1078   -1.9114
   -2.1059   -1.9084
   -2.1044   -1.9060
   -2.1026   -1.9034
   -2.1023   -1.9029
   -2.1014   -1.9014
   -2.1007   -1.9002
   -2.0956   -1.8919
   -2.0917   -1.8863
   -2.0875   -1.8783
   -2.0799   -1.8621
   -2.0758   -1.8569
   -2.0750   -1.8546
   -2.0695   -1.8476
   -2.0670   -1.8463
   -2.0630   -1.8425
   -2.0622   -1.8416
   -2.0552   -1.8271
   -2.0538   -1.8254
   -2.0511   -1.8219
   -2.0483   -1.8176
   -2.0475   -1.8173
   -2.0413   -1.8088
   -2.0410   -1.8086
   -2.0375   -1.8039
   -2.0338   -1.7978
   -2.0325   -1.7967
   -2.0306   -1.7949
   -2.0285   -1.7914
   -2.0187   -1.7773
   -2.0146   -1.7695
   -2.0136   -1.7684
   -2.0128   -1.7677
   -2.0098   -1.7653
   -2.0090   -1.7643
   -2.0050   -1.7579
   -1.9961   -1.7456
   -1.9956   -1.7452
   -1.9944   -1.7445
   -1.9936   -1.7440
   -1.9934   -1.7437
   -1.9922   -1.7410
   -1.9914   -1.7403
   -1.9905   -1.7400
   -1.9890   -1.7378
   -1.9885   -1.7371
   -1.9878   -1.7363
   -1.9873   -1.7361
   -1.9808   -1.7227
   -1.9785   -1.7197
   -1.9721   -1.7091
   -1.9716   -1.7086
   -1.9633   -1.6997
   -1.9605   -1.6951
   -1.9571   -1.6905
   -1.9564   -1.6899
   -1.9557   -1.6897
   -1.9546   -1.6877
   -1.9539   -1.6869
   -1.9519   -1.6856
   -1.9517   -1.6848
   -1.9503   -1.6839
   -1.9490   -1.6823
   -1.9467   -1.6796
   -1.9465   -1.6796
   -1.9441   -1.6770
   -1.9405   -1.6702
   -1.9403   -1.6699
   -1.9359   -1.6650
   -1.9297   -1.6548
   -1.9290   -1.6539
   -1.9266   -1.6511
   -1.9260   -1.6498
   -1.9245   -1.6476
   -1.9234   -1.6462
   -1.9224   -1.6439
   -1.9209   -1.6423
   -1.9205   -1.6413
   -1.9179   -1.6386
   -1.9177   -1.6384
   -1.9150   -1.6349
   -1.9144   -1.6343
   -1.9137   -1.6340
   -1.9125   -1.6329
   -1.9119   -1.6314
   -1.9114   -1.6311
   -1.9098   -1.6297
   -1.9087   -1.6280
   -1.9061   -1.6239
   -1.9034   -1.6214
   -1.9007   -1.6159
   -1.8997   -1.6150
   -1.8993   -1.6138
   -1.8989   -1.6130
   -1.8950   -1.6062
   -1.8942   -1.6045
   -1.8930   -1.6031
   -1.8908   -1.6015
   -1.8902   -1.6012
   -1.8886   -1.6000
   -1.8864   -1.5949
   -1.8821   -1.5890
   -1.8811   -1.5877
   -1.8799   -1.5869
   -1.8772   -1.5836
   -1.8760   -1.5821
   -1.8758   -1.5821
   -1.8745   -1.5805
   -1.8743   -1.5803
   -1.8698   -1.5757
   -1.8691   -1.5747
   -1.8687   -1.5739
   -1.8645   -1.5690
   -1.8556   -1.5582
   -1.8554   -1.5581
   -1.8552   -1.5580
   -1.8509   -1.5515
   -1.8507   -1.5513
   -1.8474   -1.5461
   -1.8470   -1.5461
   -1.8465   -1.5452
   -1.8459   -1.5447
   -1.8448   -1.5441
   -1.8443   -1.5435
   -1.8441   -1.5431
   -1.8437   -1.5421
   -1.8428   -1.5415
   -1.8417   -1.5408
   -1.8403   -1.5390
   -1.8388   -1.5371
   -1.8384   -1.5364
   -1.8366   -1.5343
   -1.8354   -1.5332
   -1.8341   -1.5314
   -1.8323   -1.5285
   -1.8305   -1.5273
   -1.8303   -1.5272
   -1.8289   -1.5254
   -1.8270   -1.5240
   -1.8252   -1.5220
   -1.8245   -1.5210
   -1.8236   -1.5201
   -1.8211   -1.5167
   -1.8195   -1.5151
   -1.8190   -1.5139
   -1.8136   -1.5096
   -1.8103   -1.5059
   -1.8100   -1.5055
   -1.8081   -1.5034
   -1.8076   -1.5030
   -1.8059   -1.4988
   -1.8048   -1.4977
   -1.8018   -1.4949
   -1.8014   -1.4944
   -1.8006   -1.4926
   -1.7975   -1.4894
   -1.7945   -1.4862
   -1.7938   -1.4857
   -1.7932   -1.4847
   -1.7913   -1.4808
   -1.7870   -1.4731
   -1.7818   -1.4664
   -1.7814   -1.4662
   -1.7798   -1.4645
   -1.7793   -1.4639
   -1.7775   -1.4615
   -1.7748   -1.4585
   -1.7723   -1.4563
   -1.7719   -1.4561
   -1.7715   -1.4558
   -1.7707   -1.4546
   -1.7667   -1.4513
   -1.7648   -1.4495
   -1.7629   -1.4467
   -1.7615   -1.4455
   -1.7566   -1.4389
   -1.7557   -1.4378
   -1.7535   -1.4337
   -1.7521   -1.4313
   -1.7508   -1.4303
   -1.7447   -1.4221
   -1.7413   -1.4170
   -1.7410   -1.4165
   -1.7386   -1.4146
   -1.7285   -1.4018
   -1.7283   -1.4018
   -1.7233   -1.3944
   -1.7158   -1.3871
   -1.7126   -1.3832
   -1.7117   -1.3822
   -1.7106   -1.3805
   -1.7088   -1.3782
   -1.7059   -1.3751
   -1.7049   -1.3730
   -1.6987   -1.3644
   -1.6985   -1.3641
   -1.6961   -1.3600
   -1.6950   -1.3592
   -1.6936   -1.3582
   -1.6929   -1.3575
   -1.6920   -1.3567
   -1.6913   -1.3546
   -1.6905   -1.3540
   -1.6899   -1.3529
   -1.6888   -1.3510
   -1.6855   -1.3468
   -1.6852   -1.3465
   -1.6831   -1.3432
   -1.6823   -1.3409
   -1.6820   -1.3408
   -1.6782   -1.3372
   -1.6770   -1.3351
   -1.6722   -1.3294
   -1.6715   -1.3283
   -1.6698   -1.3264
   -1.6680   -1.3240
   -1.6679   -1.3239
   -1.6676   -1.3238
   -1.6637   -1.3190
   -1.6625   -1.3178
   -1.6608   -1.3157
   -1.6589   -1.3126
   -1.6583   -1.3113
   -1.6560   -1.3096
   -1.6554   -1.3091
   -1.6534   -1.3069
   -1.6531   -1.3065
   -1.6530   -1.3062
   -1.6493   -1.3020
   -1.6444   -1.2967
   -1.6437   -1.2953
   -1.6433   -1.2949
   -1.6432   -1.2948
   -1.6428   -1.2946
   -1.6412   -1.2928
   -1.6372   -1.2878
   -1.6317   -1.2823
   -1.6274   -1.2757
   -1.6238   -1.2706
   -1.6225   -1.2692
   -1.6220   -1.2679
   -1.6215   -1.2673
   -1.6191   -1.2646
   -1.6183   -1.2635
   -1.6180   -1.2634
   -1.6170   -1.2623
   -1.6165   -1.2620
   -1.6164   -1.2620
   -1.6162   -1.2617
   -1.6160   -1.2615
   -1.6158   -1.2612
   -1.6151   -1.2603
   -1.6136   -1.2587
   -1.6115   -1.2565
   -1.6112   -1.2560
   -1.6088   -1.2534
   -1.6075   -1.2516
   -1.6048   -1.2489
   -1.6042   -1.2485
   -1.6007   -1.2441
   -1.5986   -1.2417
   -1.5938   -1.2349
   -1.5934   -1.2345
   -1.5928   -1.2342
   -1.5901   -1.2308
   -1.5893   -1.2297
   -1.5889   -1.2294
   -1.5886   -1.2291
   -1.5882   -1.2285
   -1.5881   -1.2285
   -1.5875   -1.2273
   -1.5860   -1.2256
   -1.5847   -1.2248
   -1.5841   -1.2243
   -1.5828   -1.2225
   -1.5818   -1.2216
   -1.5806   -1.2202
   -1.5799   -1.2194
   -1.5775   -1.2173
   -1.5710   -1.2090
   -1.5703   -1.2084
   -1.5698   -1.2073
   -1.5695   -1.2071
   -1.5686   -1.2058
   -1.5666   -1.2027
   -1.5630   -1.1995
   -1.5606   -1.1973
   -1.5575   -1.1933
   -1.5573   -1.1932
   -1.5543   -1.1899
   -1.5529   -1.1887
   -1.5528   -1.1884
   -1.5525   -1.1881
   -1.5513   -1.1868
   -1.5512   -1.1862
   -1.5478   -1.1827
   -1.5456   -1.1802
   -1.5455   -1.1801
   -1.5427   -1.1782
   -1.5425   -1.1780
   -1.5408   -1.1768
   -1.5353   -1.1709
   -1.5347   -1.1702
   -1.5332   -1.1680
   -1.5296   -1.1621
   -1.5284   -1.1596
   -1.5272   -1.1581
   -1.5250   -1.1563
   -1.5243   -1.1558
   -1.5221   -1.1536
   -1.5219   -1.1536
   -1.5204   -1.1517
   -1.5198   -1.1505
   -1.5193   -1.1496
   -1.5182   -1.1486
   -1.5181   -1.1486
   -1.5180   -1.1484
   -1.5177   -1.1481
   -1.5164   -1.1473
   -1.5161   -1.1469
   -1.5156   -1.1462
   -1.5155   -1.1458
   -1.5150   -1.1452
   -1.5143   -1.1444
   -1.5138   -1.1440
   -1.5137   -1.1439
   -1.5135   -1.1439
   -1.5096   -1.1397
   -1.5095   -1.1397
   -1.5084   -1.1389
   -1.5047   -1.1365
   -1.5011   -1.1328
   -1.4993   -1.1310
   -1.4971   -1.1283
   -1.4968   -1.1280
   -1.4953   -1.1269
   -1.4940   -1.1250
   -1.4938   -1.1245
   -1.4920   -1.1217
   -1.4906   -1.1201
   -1.4893   -1.1184
   -1.4879   -1.1177
   -1.4874   -1.1168
   -1.4843   -1.1127
   -1.4822   -1.1106
   -1.4816   -1.1101
   -1.4810   -1.1098
   -1.4796   -1.1083
   -1.4788   -1.1077
   -1.4777   -1.1065
   -1.4769   -1.1061
   -1.4728   -1.1013
   -1.4702   -1.0988
   -1.4628   -1.0924
   -1.4620   -1.0911
   -1.4612   -1.0898
   -1.4608   -1.0893
   -1.4600   -1.0880
   -1.4593   -1.0875
   -1.4589   -1.0869
   -1.4575   -1.0857
   -1.4559   -1.0840
   -1.4543   -1.0826
   -1.4541   -1.0824
   -1.4533   -1.0818
   -1.4478   -1.0747
   -1.4451   -1.0720
   -1.4447   -1.0713
   -1.4443   -1.0708
   -1.4437   -1.0702
   -1.4429   -1.0686
   -1.4417   -1.0669
   -1.4414   -1.0665
   -1.4395   -1.0637
   -1.4363   -1.0602
   -1.4324   -1.0569
   -1.4310   -1.0548
   -1.4291   -1.0530
   -1.4278   -1.0513
   -1.4277   -1.0511
   -1.4253   -1.0489
   -1.4245   -1.0481
   -1.4241   -1.0480
   -1.4206   -1.0443
   -1.4179   -1.0404
   -1.4153   -1.0387
   -1.4102   -1.0319
   -1.4096   -1.0309
   -1.4057   -1.0260
   -1.4043   -1.0243
   -1.4039   -1.0239
   -1.4024   -1.0224
   -1.3902   -1.0098
   -1.3897   -1.0097
   -1.3887   -1.0085
   -1.3873   -1.0066
   -1.3869   -1.0063
   -1.3832   -1.0024
   -1.3778   -0.9974
   -1.3773   -0.9972
   -1.3755   -0.9955
   -1.3728   -0.9925
   -1.3681   -0.9874
   -1.3681   -0.9874
   -1.3669   -0.9858
   -1.3627   -0.9817
   -1.3623   -0.9813
   -1.3621   -0.9812
   -1.3617   -0.9809
   -1.3616   -0.9808
   -1.3590   -0.9766
   -1.3561   -0.9743
   -1.3546   -0.9728
   -1.3543   -0.9721
   -1.3523   -0.9705
   -1.3521   -0.9701
   -1.3508   -0.9690
   -1.3484   -0.9661
   -1.3478   -0.9654
   -1.3468   -0.9648
   -1.3430   -0.9602
   -1.3417   -0.9594
   -1.3404   -0.9583
   -1.3397   -0.9578
   -1.3370   -0.9546
   -1.3355   -0.9532
   -1.3337   -0.9513
   -1.3297   -0.9469
   -1.3291   -0.9464
   -1.3257   -0.9422
   -1.3246   -0.9415
   -1.3241   -0.9411
   -1.3240   -0.9410
   -1.3222   -0.9394
   -1.3204   -0.9375
   -1.3200   -0.9370
   -1.3176   -0.9339
   -1.3119   -0.9290
   -1.3089   -0.9249
   -1.3076   -0.9235
   -1.3061   -0.9223
   -1.3026   -0.9191
   -1.2990   -0.9151
   -1.2985   -0.9146
   -1.2975   -0.9134
   -1.2941   -0.9094
   -1.2928   -0.9084
   -1.2904   -0.9064
   -1.2878   -0.9039
   -1.2841   -0.9011
   -1.2837   -0.9007
   -1.2831   -0.9003
   -1.2779   -0.8956
   -1.2775   -0.8947
   -1.2772   -0.8945
   -1.2747   -0.8922
   -1.2744   -0.8920
   -1.2716   -0.8897
   -1.2707   -0.8890
   -1.2681   -0.8860
   -1.2663   -0.8842
   -1.2652   -0.8833
   -1.2607   -0.8791
   -1.2590   -0.8772
   -1.2566   -0.8750
   -1.2551   -0.8733
   -1.2526   -0.8709
   -1.2518   -0.8699
   -1.2504   -0.8687
   -1.2479   -0.8661
   -1.2474   -0.8656
   -1.2449   -0.8633
   -1.2367   -0.8555
   -1.2359   -0.8544
   -1.2357   -0.8543
   -1.2343   -0.8530
   -1.2329   -0.8512
   -1.2328   -0.8509
   -1.2313   -0.8497
   -1.2313   -0.8497
   -1.2288   -0.8475
   -1.2274   -0.8464
   -1.2261   -0.8448
   -1.2257   -0.8443
   -1.2246   -0.8437
   -1.2230   -0.8425
   -1.2207   -0.8408
   -1.2202   -0.8401
   -1.2197   -0.8395
   -1.2191   -0.8391
   -1.2186   -0.8388
   -1.2158   -0.8373
   -1.2131   -0.8351
   -1.2127   -0.8347
   -1.2118   -0.8338
   -1.2072   -0.8296
   -1.2059   -0.8285
   -1.2005   -0.8243
   -1.1994   -0.8232
   -1.1987   -0.8224
   -1.1975   -0.8215
   -1.1940   -0.8189
   -1.1926   -0.8176
   -1.1920   -0.8170
   -1.1911   -0.8162
   -1.1909   -0.8161
   -1.1880   -0.8134
   -1.1856   -0.8115
   -1.1840   -0.8093
   -1.1812   -0.8062
   -1.1760   -0.8015
   -1.1730   -0.7982
   -1.1683   -0.7938
   -1.1624   -0.7888
   -1.1598   -0.7863
   -1.1571   -0.7841
   -1.1535   -0.7812
   -1.1534   -0.7811
   -1.1514   -0.7795
   -1.1511   -0.7790
   -1.1506   -0.7789
   -1.1497   -0.7779
   -1.1461   -0.7745
   -1.1459   -0.7744
   -1.1454   -0.7740
   -1.1445   -0.7733
   -1.1440   -0.7720
   -1.1427   -0.7704
   -1.1386   -0.7667
   -1.1371   -0.7654
   -1.1354   -0.7641
   -1.1306   -0.7600
   -1.1274   -0.7573
   -1.1268   -0.7567
   -1.1263   -0.7562
   -1.1261   -0.7560
   -1.1222   -0.7515
   -1.1172   -0.7473
   -1.1153   -0.7453
   -1.1140   -0.7438
   -1.1134   -0.7435
   -1.1128   -0.7431
   -1.1081   -0.7381
   -1.1073   -0.7374
   -1.1067   -0.7368
   -1.1046   -0.7350
   -1.1011   -0.7321
   -1.1000   -0.7312
   -1.0998   -0.7310
   -1.0908   -0.7239
   -1.0887   -0.7225
   -1.0868   -0.7202
   -1.0862   -0.7194
   -1.0854   -0.7185
   -1.0848   -0.7181
   -1.0787   -0.7121
   -1.0763   -0.7103
   -1.0736   -0.7079
   -1.0729   -0.7075
   -1.0719   -0.7067
   -1.0715   -0.7065
   -1.0699   -0.7047
   -1.0693   -0.7039
   -1.0675   -0.7023
   -1.0669   -0.7020
   -1.0665   -0.7013
   -1.0632   -0.6985
   -1.0610   -0.6962
   -1.0602   -0.6952
   -1.0558   -0.6918
   -1.0551   -0.6912
   -1.0533   -0.6899
   -1.0477   -0.6845
   -1.0444   -0.6821
   -1.0440   -0.6816
   -1.0426   -0.6807
   -1.0423   -0.6805
   -1.0419   -0.6801
   -1.0403   -0.6786
   -1.0395   -0.6782
   -1.0335   -0.6736
   -1.0331   -0.6733
   -1.0315   -0.6724
   -1.0297   -0.6707
   -1.0199   -0.6624
   -1.0193   -0.6620
   -1.0192   -0.6619
   -1.0174   -0.6607
   -1.0141   -0.6578
   -1.0107   -0.6554
   -1.0105   -0.6549
   -1.0092   -0.6538
   -1.0091   -0.6537
   -1.0054   -0.6511
   -1.0050   -0.6509
   -1.0029   -0.6496
   -1.0028   -0.6496
   -1.0017   -0.6487
   -1.0010   -0.6479
   -0.9995   -0.6468
   -0.9986   -0.6462
   -0.9971   -0.6450
   -0.9966   -0.6444
   -0.9956   -0.6436
   -0.9952   -0.6432
   -0.9948   -0.6429
   -0.9944   -0.6426
   -0.9913   -0.6398
   -0.9893   -0.6382
   -0.9890   -0.6379
   -0.9886   -0.6376
   -0.9839   -0.6333
   -0.9833   -0.6328
   -0.9802   -0.6304
   -0.9795   -0.6299
   -0.9748   -0.6264
   -0.9737   -0.6256
   -0.9724   -0.6248
   -0.9686   -0.6216
   -0.9645   -0.6172
   -0.9619   -0.6145
   -0.9616   -0.6141
   -0.9610   -0.6136
   -0.9600   -0.6129
   -0.9597   -0.6127
   -0.9569   -0.6111
   -0.9546   -0.6091
   -0.9516   -0.6068
   -0.9498   -0.6057
   -0.9497   -0.6057
   -0.9488   -0.6050
   -0.9471   -0.6036
   -0.9470   -0.6035
   -0.9465   -0.6032
   -0.9465   -0.6031
   -0.9453   -0.6024
   -0.9437   -0.6012
   -0.9431   -0.6007
   -0.9430   -0.6007
   -0.9419   -0.5996
   -0.9384   -0.5967
   -0.9371   -0.5957
   -0.9361   -0.5949
   -0.9357   -0.5947
   -0.9350   -0.5943
   -0.9349   -0.5942
   -0.9349   -0.5941
   -0.9340   -0.5935
   -0.9336   -0.5933
   -0.9328   -0.5928
   -0.9283   -0.5891
   -0.9257   -0.5866
   -0.9201   -0.5826
   -0.9198   -0.5824
   -0.9188   -0.5818
   -0.9148   -0.5785
   -0.9133   -0.5770
   -0.9122   -0.5762
   -0.9121   -0.5760
   -0.9078   -0.5726
   -0.9066   -0.5719
   -0.9051   -0.5705
   -0.9032   -0.5691
   -0.9016   -0.5675
   -0.9015   -0.5674
   -0.9003   -0.5666
   -0.9000   -0.5663
   -0.8999   -0.5663
   -0.8994   -0.5660
   -0.8962   -0.5630
   -0.8961   -0.5629
   -0.8959   -0.5629
   -0.8925   -0.5605
   -0.8919   -0.5600
   -0.8918   -0.5599
   -0.8901   -0.5585
   -0.8901   -0.5585
   -0.8872   -0.5563
   -0.8855   -0.5553
   -0.8788   -0.5506
   -0.8734   -0.5469
   -0.8703   -0.5447
   -0.8702   -0.5446
   -0.8702   -0.5446
   -0.8645   -0.5407
   -0.8640   -0.5400
   -0.8625   -0.5390
   -0.8613   -0.5381
   -0.8603   -0.5375
   -0.8601   -0.5373
   -0.8600   -0.5372
   -0.8600   -0.5372
   -0.8589   -0.5366
   -0.8586   -0.5364
   -0.8530   -0.5324
   -0.8525   -0.5321
   -0.8510   -0.5310
   -0.8472   -0.5281
   -0.8453   -0.5266
   -0.8450   -0.5265
   -0.8446   -0.5260
   -0.8442   -0.5257
   -0.8438   -0.5255
   -0.8427   -0.5248
   -0.8426   -0.5247
   -0.8414   -0.5236
   -0.8399   -0.5229
   -0.8379   -0.5213
   -0.8338   -0.5184
   -0.8337   -0.5183
   -0.8306   -0.5162
   -0.8287   -0.5146
   -0.8267   -0.5135
   -0.8255   -0.5124
   -0.8241   -0.5112
   -0.8202   -0.5077
   -0.8195   -0.5071
   -0.8182   -0.5059
   -0.8107   -0.5010
   -0.8098   -0.5000
   -0.8094   -0.4998
   -0.8086   -0.4993
   -0.8067   -0.4978
   -0.8039   -0.4962
   -0.8022   -0.4950
   -0.7999   -0.4932
   -0.7976   -0.4917
   -0.7950   -0.4898
   -0.7942   -0.4892
   -0.7907   -0.4867
   -0.7885   -0.4847
   -0.7861   -0.4830
   -0.7850   -0.4824
   -0.7841   -0.4819
   -0.7803   -0.4791
   -0.7799   -0.4788
   -0.7791   -0.4782
   -0.7786   -0.4778
   -0.7777   -0.4771
   -0.7764   -0.4759
   -0.7763   -0.4759
   -0.7749   -0.4748
   -0.7736   -0.4741
   -0.7736   -0.4741
   -0.7729   -0.4736
   -0.7726   -0.4733
   -0.7718   -0.4728
   -0.7698   -0.4714
   -0.7690   -0.4710
   -0.7667   -0.4693
   -0.7660   -0.4686
   -0.7654   -0.4682
   -0.7589   -0.4640
   -0.7584   -0.4638
   -0.7577   -0.4633
   -0.7553   -0.4613
   -0.7525   -0.4597
   -0.7501   -0.4578
   -0.7492   -0.4573
   -0.7472   -0.4562
   -0.7460   -0.4555
   -0.7444   -0.4545
   -0.7443   -0.4544
   -0.7402   -0.4512
   -0.7362   -0.4486
   -0.7357   -0.4483
   -0.7322   -0.4458
   -0.7301   -0.4444
   -0.7292   -0.4439
   -0.7280   -0.4430
   -0.7278   -0.4429
   -0.7208   -0.4378
   -0.7193   -0.4363
   -0.7152   -0.4336
   -0.7151   -0.4335
   -0.7128   -0.4320
   -0.7125   -0.4317
   -0.7078   -0.4284
   -0.7071   -0.4279
   -0.7029   -0.4251
   -0.7015   -0.4242
   -0.6985   -0.4223
   -0.6943   -0.4198
   -0.6932   -0.4190
   -0.6903   -0.4170
   -0.6896   -0.4166
   -0.6892   -0.4163
   -0.6881   -0.4157
   -0.6876   -0.4155
   -0.6860   -0.4147
   -0.6850   -0.4139
   -0.6845   -0.4136
   -0.6826   -0.4128
   -0.6812   -0.4117
   -0.6798   -0.4107
   -0.6791   -0.4104
   -0.6773   -0.4088
   -0.6764   -0.4082
   -0.6755   -0.4075
   -0.6732   -0.4063
   -0.6690   -0.4039
   -0.6654   -0.4018
   -0.6632   -0.4001
   -0.6616   -0.3989
   -0.6594   -0.3978
   -0.6593   -0.3977
   -0.6557   -0.3950
   -0.6530   -0.3934
   -0.6522   -0.3930
   -0.6504   -0.3918
   -0.6461   -0.3889
   -0.6440   -0.3875
   -0.6403   -0.3855
   -0.6394   -0.3849
   -0.6379   -0.3841
   -0.6348   -0.3824
   -0.6302   -0.3795
   -0.6273   -0.3779
   -0.6262   -0.3773
   -0.6252   -0.3768
   -0.6248   -0.3765
   -0.6242   -0.3761
   -0.6239   -0.3758
   -0.6238   -0.3758
   -0.6234   -0.3753
   -0.6220   -0.3745
   -0.6216   -0.3743
   -0.6215   -0.3742
   -0.6212   -0.3740
   -0.6204   -0.3735
   -0.6187   -0.3724
   -0.6168   -0.3710
   -0.6167   -0.3709
   -0.6163   -0.3706
   -0.6148   -0.3699
   -0.6145   -0.3696
   -0.6139   -0.3693
   -0.6110   -0.3675
   -0.6108   -0.3674
   -0.6097   -0.3669
   -0.6089   -0.3666
   -0.5978   -0.3598
   -0.5966   -0.3592
   -0.5956   -0.3587
   -0.5937   -0.3574
   -0.5847   -0.3520
   -0.5844   -0.3519
   -0.5835   -0.3513
   -0.5833   -0.3513
   -0.5815   -0.3503
   -0.5810   -0.3497
   -0.5780   -0.3476
   -0.5751   -0.3460
   -0.5747   -0.3456
   -0.5721   -0.3442
   -0.5710   -0.3434
   -0.5706   -0.3432
   -0.5704   -0.3431
   -0.5682   -0.3418
   -0.5677   -0.3415
   -0.5668   -0.3411
   -0.5629   -0.3387
   -0.5612   -0.3376
   -0.5603   -0.3368
   -0.5601   -0.3368
   -0.5591   -0.3360
   -0.5574   -0.3348
   -0.5545   -0.3332
   -0.5529   -0.3324
   -0.5511   -0.3311
   -0.5473   -0.3283
   -0.5468   -0.3281
   -0.5467   -0.3281
   -0.5466   -0.3280
   -0.5448   -0.3270
   -0.5410   -0.3242
   -0.5403   -0.3237
   -0.5393   -0.3231
   -0.5365   -0.3213
   -0.5354   -0.3204
   -0.5350   -0.3200
   -0.5338   -0.3195
   -0.5320   -0.3183
   -0.5301   -0.3172
   -0.5266   -0.3153
   -0.5232   -0.3128
   -0.5203   -0.3109
   -0.5173   -0.3089
   -0.5167   -0.3087
   -0.5145   -0.3073
   -0.5123   -0.3060
   -0.5102   -0.3046
   -0.5060   -0.3021
   -0.5027   -0.3001
   -0.5000   -0.2982
   -0.4986   -0.2975
   -0.4981   -0.2972
   -0.4937   -0.2938
   -0.4933   -0.2937
   -0.4928   -0.2934
   -0.4922   -0.2931
   -0.4922   -0.2930
   -0.4917   -0.2928
   -0.4916   -0.2927
   -0.4902   -0.2919
   -0.4884   -0.2905
   -0.4877   -0.2900
   -0.4859   -0.2886
   -0.4858   -0.2886
   -0.4839   -0.2873
   -0.4804   -0.2852
   -0.4793   -0.2845
   -0.4726   -0.2802
   -0.4703   -0.2788
   -0.4684   -0.2775
   -0.4665   -0.2764
   -0.4660   -0.2760
   -0.4640   -0.2749
   -0.4584   -0.2715
   -0.4582   -0.2715
   -0.4574   -0.2712
   -0.4572   -0.2710
   -0.4546   -0.2695
   -0.4532   -0.2687
   -0.4493   -0.2666
   -0.4488   -0.2662
   -0.4483   -0.2659
   -0.4474   -0.2655
   -0.4464   -0.2649
   -0.4460   -0.2647
   -0.4452   -0.2642
   -0.4427   -0.2628
   -0.4421   -0.2625
   -0.4386   -0.2606
   -0.4376   -0.2598
   -0.4365   -0.2591
   -0.4361   -0.2589
   -0.4344   -0.2576
   -0.4337   -0.2572
   -0.4336   -0.2572
   -0.4325   -0.2565
   -0.4317   -0.2559
   -0.4296   -0.2542
   -0.4280   -0.2533
   -0.4279   -0.2532
   -0.4265   -0.2523
   -0.4255   -0.2518
   -0.4253   -0.2517
   -0.4235   -0.2506
   -0.4223   -0.2497
   -0.4212   -0.2492
   -0.4202   -0.2486
   -0.4187   -0.2478
   -0.4184   -0.2476
   -0.4146   -0.2454
   -0.4136   -0.2450
   -0.4133   -0.2448
   -0.4120   -0.2441
   -0.4112   -0.2437
   -0.4108   -0.2434
   -0.4087   -0.2420
   -0.4041   -0.2398
   -0.4020   -0.2383
   -0.4017   -0.2381
   -0.4012   -0.2378
   -0.4002   -0.2373
   -0.3993   -0.2369
   -0.3944   -0.2340
   -0.3944   -0.2339
   -0.3936   -0.2334
   -0.3921   -0.2326
   -0.3882   -0.2301
   -0.3877   -0.2296
   -0.3870   -0.2291
   -0.3869   -0.2290
   -0.3864   -0.2288
   -0.3858   -0.2284
   -0.3851   -0.2279
   -0.3821   -0.2260
   -0.3814   -0.2257
   -0.3792   -0.2243
   -0.3789   -0.2242
   -0.3784   -0.2238
   -0.3769   -0.2230
   -0.3761   -0.2225
   -0.3758   -0.2224
   -0.3734   -0.2209
   -0.3716   -0.2199
   -0.3664   -0.2172
   -0.3659   -0.2169
   -0.3637   -0.2157
   -0.3621   -0.2147
   -0.3583   -0.2125
   -0.3582   -0.2123
   -0.3550   -0.2104
   -0.3550   -0.2104
   -0.3517   -0.2088
   -0.3495   -0.2074
   -0.3494   -0.2073
   -0.3493   -0.2073
   -0.3492   -0.2073
   -0.3489   -0.2071
   -0.3487   -0.2069
   -0.3469   -0.2060
   -0.3463   -0.2057
   -0.3458   -0.2054
   -0.3456   -0.2053
   -0.3435   -0.2040
   -0.3421   -0.2029
   -0.3414   -0.2025
   -0.3410   -0.2022
   -0.3400   -0.2016
   -0.3399   -0.2016
   -0.3378   -0.2007
   -0.3362   -0.1998
   -0.3334   -0.1981
   -0.3329   -0.1978
   -0.3309   -0.1966
   -0.3263   -0.1937
   -0.3257   -0.1935
   -0.3218   -0.1909
   -0.3182   -0.1888
   -0.3171   -0.1882
   -0.3151   -0.1871
   -0.3135   -0.1861
   -0.3133   -0.1861
   -0.3132   -0.1860
   -0.3131   -0.1860
   -0.3122   -0.1854
   -0.3108   -0.1845
   -0.3036   -0.1805
   -0.3033   -0.1804
   -0.3025   -0.1799
   -0.3008   -0.1788
   -0.3006   -0.1787
   -0.3002   -0.1784
   -0.3001   -0.1784
   -0.2983   -0.1772
   -0.2963   -0.1762
   -0.2960   -0.1762
   -0.2911   -0.1734
   -0.2910   -0.1733
   -0.2903   -0.1728
   -0.2876   -0.1712
   -0.2835   -0.1689
   -0.2834   -0.1689
   -0.2820   -0.1680
   -0.2776   -0.1655
   -0.2773   -0.1653
   -0.2769   -0.1649
   -0.2760   -0.1645
   -0.2757   -0.1644
   -0.2747   -0.1638
   -0.2745   -0.1637
   -0.2735   -0.1632
   -0.2729   -0.1627
   -0.2721   -0.1623
   -0.2681   -0.1599
   -0.2662   -0.1588
   -0.2662   -0.1588
   -0.2607   -0.1555
   -0.2582   -0.1540
   -0.2580   -0.1538
   -0.2565   -0.1532
   -0.2551   -0.1522
   -0.2547   -0.1520
   -0.2531   -0.1509
   -0.2525   -0.1505
   -0.2517   -0.1502
   -0.2503   -0.1494
   -0.2479   -0.1479
   -0.2459   -0.1468
   -0.2454   -0.1465
   -0.2394   -0.1431
   -0.2389   -0.1429
   -0.2378   -0.1425
   -0.2373   -0.1422
   -0.2354   -0.1412
   -0.2343   -0.1408
   -0.2330   -0.1400
   -0.2323   -0.1395
   -0.2318   -0.1392
   -0.2212   -0.1334
   -0.2204   -0.1329
   -0.2202   -0.1328
   -0.2194   -0.1323
   -0.2178   -0.1315
   -0.2177   -0.1314
   -0.2138   -0.1291
   -0.2126   -0.1284
   -0.2117   -0.1279
   -0.2114   -0.1278
   -0.2103   -0.1270
   -0.2044   -0.1232
   -0.2043   -0.1230
   -0.2020   -0.1218
   -0.2005   -0.1209
   -0.1985   -0.1200
   -0.1962   -0.1188
   -0.1950   -0.1181
   -0.1928   -0.1169
   -0.1904   -0.1157
   -0.1887   -0.1148
   -0.1884   -0.1147
   -0.1864   -0.1138
   -0.1862   -0.1137
   -0.1856   -0.1134
   -0.1822   -0.1117
   -0.1813   -0.1113
   -0.1812   -0.1113
   -0.1801   -0.1107
   -0.1793   -0.1103
   -0.1779   -0.1092
   -0.1767   -0.1085
   -0.1749   -0.1075
   -0.1720   -0.1057
   -0.1717   -0.1055
   -0.1713   -0.1053
   -0.1713   -0.1053
   -0.1676   -0.1030
   -0.1662   -0.1023
   -0.1658   -0.1021
   -0.1641   -0.1011
   -0.1566   -0.0970
   -0.1556   -0.0965
   -0.1521   -0.0945
   -0.1487   -0.0928
   -0.1484   -0.0926
   -0.1452   -0.0909
   -0.1448   -0.0907
   -0.1438   -0.0900
   -0.1432   -0.0896
   -0.1415   -0.0887
   -0.1411   -0.0883
   -0.1401   -0.0877
   -0.1397   -0.0875
   -0.1350   -0.0844
   -0.1338   -0.0838
   -0.1333   -0.0836
   -0.1319   -0.0829
   -0.1295   -0.0817
   -0.1267   -0.0803
   -0.1262   -0.0801
   -0.1253   -0.0796
   -0.1248   -0.0794
   -0.1247   -0.0793
   -0.1221   -0.0780
   -0.1195   -0.0766
   -0.1175   -0.0754
   -0.1174   -0.0753
   -0.1156   -0.0744
   -0.1143   -0.0738
   -0.1134   -0.0734
   -0.1130   -0.0732
   -0.1113   -0.0724
   -0.1107   -0.0721
   -0.1097   -0.0716
   -0.1094   -0.0714
   -0.1079   -0.0706
   -0.0989   -0.0657
   -0.0951   -0.0637
   -0.0935   -0.0627
   -0.0889   -0.0601
   -0.0857   -0.0581
   -0.0830   -0.0565
   -0.0803   -0.0549
   -0.0796   -0.0544
   -0.0787   -0.0538
   -0.0746   -0.0514
   -0.0743   -0.0511
   -0.0734   -0.0506
   -0.0668   -0.0473
   -0.0663   -0.0470
   -0.0634   -0.0453
   -0.0596   -0.0428
   -0.0572   -0.0418
   -0.0556   -0.0411
   -0.0532   -0.0396
   -0.0487   -0.0372
   -0.0478   -0.0367
   -0.0466   -0.0361
   -0.0440   -0.0347
   -0.0401   -0.0326
   -0.0396   -0.0323
   -0.0392   -0.0321
   -0.0381   -0.0314
   -0.0362   -0.0302
   -0.0356   -0.0298
   -0.0336   -0.0283
   -0.0329   -0.0280
   -0.0276   -0.0251
   -0.0222   -0.0220
   -0.0198   -0.0207
   -0.0187   -0.0199
   -0.0169   -0.0188
   -0.0169   -0.0188
   -0.0169   -0.0188
   -0.0143   -0.0175
   -0.0143   -0.0175
   -0.0131   -0.0169
   -0.0118   -0.0160
   -0.0110   -0.0156
   -0.0105   -0.0152
   -0.0100   -0.0150
   -0.0088   -0.0144
   -0.0041   -0.0119
   -0.0017   -0.0106
   -0.0015   -0.0105
    0.0019   -0.0084
    0.0019   -0.0083
    0.0058   -0.0065
    0.0087   -0.0047
    0.0100   -0.0039
    0.0114   -0.0031
    0.0115   -0.0031
    0.0122   -0.0028
    0.0130   -0.0024
    0.0154   -0.0014
    0.0203    0.0011
    0.0203    0.0011
    0.0224    0.0022
    0.0227    0.0023
    0.0228    0.0024
    0.0234    0.0025
    0.0238    0.0027
    0.0279    0.0047
    0.0297    0.0057
    0.0302    0.0059
    0.0308    0.0065
    0.0325    0.0074
    0.0341    0.0082
    0.0352    0.0090
    0.0397    0.0116
    0.0397    0.0117
    0.0411    0.0124
    0.0427    0.0131
    0.0436    0.0136
    0.0460    0.0149
    0.0465    0.0153
    0.0499    0.0169
    0.0510    0.0178
    0.0519    0.0183
    0.0523    0.0184
    0.0527    0.0186
    0.0529    0.0187
    0.0538    0.0192
    0.0542    0.0194
    0.0553    0.0199
    0.0568    0.0207
    0.0569    0.0208
    0.0580    0.0213
    0.0580    0.0213
    0.0600    0.0227
    0.0615    0.0234
    0.0668    0.0266
    0.0681    0.0271
    0.0699    0.0281
    0.0702    0.0282
    0.0746    0.0311
    0.0764    0.0320
    0.0824    0.0354
    0.0858    0.0373
    0.0859    0.0373
    0.0885    0.0385
    0.0886    0.0386
    0.0897    0.0393
    0.0908    0.0399
    0.0926    0.0408
    0.0953    0.0423
    0.0954    0.0423
    0.0984    0.0446
    0.1011    0.0460
    0.1018    0.0464
    0.1031    0.0470
    0.1055    0.0484
    0.1063    0.0489
    0.1068    0.0491
    0.1109    0.0512
    0.1112    0.0514
    0.1138    0.0529
    0.1151    0.0536
    0.1191    0.0561
    0.1209    0.0570
    0.1242    0.0589
    0.1242    0.0590
    0.1255    0.0596
    0.1257    0.0597
    0.1271    0.0605
    0.1275    0.0607
    0.1293    0.0618
    0.1337    0.0644
    0.1339    0.0645
    0.1395    0.0676
    0.1418    0.0687
    0.1423    0.0690
    0.1433    0.0695
    0.1454    0.0705
    0.1471    0.0715
    0.1481    0.0721
    0.1493    0.0727
    0.1511    0.0737
    0.1541    0.0750
    0.1543    0.0750
    0.1548    0.0753
    0.1563    0.0760
    0.1568    0.0765
    0.1580    0.0771
    0.1619    0.0791
    0.1670    0.0818
    0.1691    0.0832
    0.1733    0.0854
    0.1759    0.0866
    0.1787    0.0879
    0.1792    0.0882
    0.1799    0.0884
    0.1802    0.0887
    0.1820    0.0898
    0.1835    0.0907
    0.1864    0.0920
    0.1869    0.0922
    0.1876    0.0926
    0.1877    0.0926
    0.1878    0.0927
    0.1904    0.0939
    0.1913    0.0947
    0.1934    0.0962
    0.1969    0.0983
    0.1993    0.0995
    0.2007    0.1003
    0.2007    0.1003
    0.2019    0.1010
    0.2020    0.1010
    0.2029    0.1015
    0.2052    0.1027
    0.2059    0.1030
    0.2063    0.1033
    0.2066    0.1035
    0.2077    0.1041
    0.2085    0.1045
    0.2141    0.1073
    0.2154    0.1083
    0.2171    0.1091
    0.2172    0.1091
    0.2189    0.1102
    0.2199    0.1106
    0.2199    0.1106
    0.2215    0.1115
    0.2226    0.1119
    0.2230    0.1122
    0.2263    0.1136
    0.2301    0.1154
    0.2323    0.1166
    0.2326    0.1167
    0.2331    0.1169
    0.2334    0.1172
    0.2342    0.1176
    0.2348    0.1180
    0.2359    0.1187
    0.2376    0.1197
    0.2382    0.1199
    0.2394    0.1204
    0.2400    0.1207
    0.2437    0.1229
    0.2450    0.1237
    0.2454    0.1239
    0.2456    0.1240
    0.2467    0.1246
    0.2499    0.1266
    0.2509    0.1271
    0.2525    0.1279
    0.2527    0.1280
    0.2528    0.1280
    0.2540    0.1286
    0.2586    0.1314
    0.2587    0.1315
    0.2654    0.1355
    0.2693    0.1381
    0.2716    0.1395
    0.2724    0.1400
    0.2729    0.1403
    0.2748    0.1412
    0.2780    0.1428
    0.2795    0.1435
    0.2820    0.1448
    0.2824    0.1450
    0.2827    0.1451
    0.2839    0.1458
    0.2864    0.1474
    0.2874    0.1479
    0.2890    0.1489
    0.2910    0.1497
    0.2941    0.1514
    0.2948    0.1518
    0.2973    0.1531
    0.2992    0.1541
    0.3010    0.1552
    0.3040    0.1570
    0.3060    0.1579
    0.3066    0.1583
    0.3072    0.1585
    0.3074    0.1586
    0.3085    0.1593
    0.3086    0.1595
    0.3120    0.1614
    0.3122    0.1615
    0.3204    0.1663
    0.3229    0.1679
    0.3242    0.1687
    0.3257    0.1696
    0.3258    0.1696
    0.3264    0.1698
    0.3268    0.1701
    0.3274    0.1705
    0.3295    0.1717
    0.3299    0.1719
    0.3350    0.1750
    0.3365    0.1758
    0.3366    0.1758
    0.3367    0.1758
    0.3372    0.1761
    0.3378    0.1764
    0.3391    0.1771
    0.3419    0.1787
    0.3443    0.1801
    0.3489    0.1828
    0.3525    0.1847
    0.3537    0.1855
    0.3547    0.1861
    0.3550    0.1863
    0.3585    0.1883
    0.3620    0.1904
    0.3635    0.1913
    0.3637    0.1914
    0.3656    0.1925
    0.3681    0.1941
    0.3683    0.1943
    0.3717    0.1961
    0.3732    0.1970
    0.3739    0.1974
    0.3762    0.1987
    0.3765    0.1988
    0.3770    0.1991
    0.3771    0.1992
    0.3774    0.1995
    0.3802    0.2009
    0.3837    0.2031
    0.3857    0.2042
    0.3867    0.2050
    0.3884    0.2063
    0.3894    0.2069
    0.3898    0.2070
    0.3909    0.2076
    0.3911    0.2076
    0.3921    0.2082
    0.3950    0.2097
    0.3961    0.2102
    0.3974    0.2109
    0.3991    0.2121
    0.4000    0.2127
    0.4013    0.2135
    0.4015    0.2136
    0.4024    0.2141
    0.4031    0.2147
    0.4048    0.2154
    0.4064    0.2162
    0.4064    0.2162
    0.4074    0.2168
    0.4078    0.2169
    0.4101    0.2183
    0.4112    0.2190
    0.4132    0.2197
    0.4135    0.2198
    0.4139    0.2200
    0.4153    0.2210
    0.4183    0.2228
    0.4216    0.2247
    0.4228    0.2254
    0.4236    0.2257
    0.4281    0.2283
    0.4283    0.2284
    0.4298    0.2293
    0.4308    0.2299
    0.4337    0.2321
    0.4352    0.2329
    0.4362    0.2336
    0.4413    0.2367
    0.4419    0.2370
    0.4427    0.2374
    0.4470    0.2397
    0.4483    0.2403
    0.4485    0.2404
    0.4495    0.2411
    0.4496    0.2412
    0.4524    0.2429
    0.4535    0.2434
    0.4537    0.2435
    0.4541    0.2438
    0.4622    0.2483
    0.4638    0.2493
    0.4641    0.2496
    0.4657    0.2506
    0.4677    0.2519
    0.4681    0.2520
    0.4709    0.2535
    0.4712    0.2537
    0.4721    0.2543
    0.4723    0.2544
    0.4745    0.2560
    0.4756    0.2566
    0.4793    0.2589
    0.4799    0.2592
    0.4808    0.2597
    0.4817    0.2602
    0.4863    0.2629
    0.4882    0.2638
    0.4899    0.2647
    0.4906    0.2649
    0.4909    0.2650
    0.4934    0.2664
    0.4934    0.2664
    0.4947    0.2671
    0.4951    0.2673
    0.4958    0.2678
    0.4969    0.2684
    0.4970    0.2685
    0.5052    0.2731
    0.5053    0.2732
    0.5055    0.2734
    0.5056    0.2735
    0.5057    0.2736
    0.5063    0.2739
    0.5082    0.2747
    0.5090    0.2752
    0.5145    0.2787
    0.5170    0.2803
    0.5171    0.2804
    0.5194    0.2816
    0.5208    0.2826
    0.5278    0.2870
    0.5284    0.2873
    0.5291    0.2879
    0.5333    0.2904
    0.5346    0.2910
    0.5362    0.2922
    0.5371    0.2927
    0.5388    0.2938
    0.5401    0.2947
    0.5462    0.2992
    0.5464    0.2993
    0.5483    0.3005
    0.5506    0.3014
    0.5600    0.3070
    0.5619    0.3085
    0.5652    0.3107
    0.5783    0.3188
    0.5784    0.3188
    0.5807    0.3203
    0.5809    0.3204
    0.5811    0.3204
    0.5860    0.3234
    0.5861    0.3235
    0.5866    0.3239
    0.5873    0.3243
    0.5893    0.3258
    0.5896    0.3260
    0.5897    0.3260
    0.5912    0.3270
    0.5913    0.3270
    0.6027    0.3342
    0.6032    0.3346
    0.6046    0.3355
    0.6092    0.3389
    0.6094    0.3390
    0.6115    0.3402
    0.6141    0.3415
    0.6175    0.3431
    0.6175    0.3433
    0.6176    0.3433
    0.6259    0.3484
    0.6260    0.3485
    0.6264    0.3486
    0.6269    0.3489
    0.6276    0.3493
    0.6309    0.3517
    0.6347    0.3542
    0.6349    0.3543
    0.6370    0.3554
    0.6375    0.3556
    0.6394    0.3566
    0.6403    0.3569
    0.6405    0.3572
    0.6415    0.3578
    0.6417    0.3579
    0.6425    0.3585
    0.6437    0.3593
    0.6443    0.3597
    0.6447    0.3601
    0.6454    0.3606
    0.6469    0.3616
    0.6473    0.3617
    0.6488    0.3628
    0.6513    0.3644
    0.6516    0.3647
    0.6532    0.3657
    0.6538    0.3662
    0.6558    0.3675
    0.6586    0.3692
    0.6591    0.3695
    0.6598    0.3698
    0.6614    0.3708
    0.6624    0.3714
    0.6627    0.3717
    0.6634    0.3723
    0.6648    0.3729
    0.6653    0.3731
    0.6654    0.3732
    0.6685    0.3753
    0.6712    0.3775
    0.6753    0.3800
    0.6767    0.3809
    0.6784    0.3821
    0.6784    0.3822
    0.6787    0.3824
    0.6798    0.3831
    0.6801    0.3833
    0.6802    0.3834
    0.6824    0.3847
    0.6856    0.3870
    0.6859    0.3872
    0.6860    0.3873
    0.6869    0.3878
    0.6886    0.3891
    0.6900    0.3900
    0.6910    0.3907
    0.6911    0.3907
    0.6919    0.3913
    0.6923    0.3915
    0.6924    0.3915
    0.6967    0.3944
    0.6971    0.3947
    0.6978    0.3950
    0.6980    0.3952
    0.6986    0.3956
    0.6992    0.3961
    0.7006    0.3971
    0.7045    0.3993
    0.7046    0.3994
    0.7062    0.4006
    0.7087    0.4023
    0.7122    0.4045
    0.7123    0.4046
    0.7141    0.4060
    0.7159    0.4071
    0.7165    0.4077
    0.7173    0.4080
    0.7211    0.4108
    0.7237    0.4126
    0.7303    0.4163
    0.7306    0.4164
    0.7321    0.4177
    0.7342    0.4189
    0.7366    0.4206
    0.7376    0.4213
    0.7381    0.4216
    0.7383    0.4217
    0.7405    0.4232
    0.7454    0.4261
    0.7468    0.4269
    0.7479    0.4279
    0.7481    0.4281
    0.7495    0.4291
    0.7507    0.4300
    0.7530    0.4314
    0.7545    0.4323
    0.7570    0.4339
    0.7587    0.4354
    0.7596    0.4359
    0.7602    0.4364
    0.7607    0.4366
    0.7659    0.4402
    0.7739    0.4453
    0.7783    0.4490
    0.7801    0.4503
    0.7808    0.4507
    0.7814    0.4509
    0.7826    0.4517
    0.7828    0.4519
    0.7830    0.4520
    0.7897    0.4570
    0.7918    0.4583
    0.7934    0.4595
    0.7941    0.4601
    0.7956    0.4609
    0.7966    0.4614
    0.7997    0.4639
    0.8019    0.4654
    0.8039    0.4668
    0.8041    0.4668
    0.8083    0.4693
    0.8106    0.4711
    0.8108    0.4713
    0.8132    0.4729
    0.8166    0.4752
    0.8173    0.4756
    0.8178    0.4763
    0.8189    0.4768
    0.8201    0.4777
    0.8204    0.4778
    0.8208    0.4781
    0.8230    0.4796
    0.8246    0.4809
    0.8272    0.4825
    0.8291    0.4841
    0.8309    0.4851
    0.8340    0.4871
    0.8391    0.4914
    0.8410    0.4926
    0.8418    0.4930
    0.8433    0.4943
    0.8435    0.4944
    0.8455    0.4959
    0.8492    0.4985
    0.8497    0.4989
    0.8500    0.4991
    0.8509    0.4998
    0.8511    0.4999
    0.8534    0.5016
    0.8535    0.5016
    0.8540    0.5019
    0.8542    0.5019
    0.8562    0.5033
    0.8565    0.5035
    0.8567    0.5037
    0.8572    0.5041
    0.8573    0.5041
    0.8603    0.5058
    0.8633    0.5079
    0.8652    0.5091
    0.8672    0.5106
    0.8698    0.5126
    0.8766    0.5179
    0.8812    0.5210
    0.8833    0.5225
    0.8847    0.5236
    0.8850    0.5238
    0.8852    0.5239
    0.8867    0.5251
    0.8868    0.5251
    0.8873    0.5255
    0.8928    0.5293
    0.8933    0.5298
    0.8948    0.5305
    0.8953    0.5309
    0.8992    0.5337
    0.9007    0.5350
    0.9056    0.5387
    0.9060    0.5391
    0.9075    0.5403
    0.9082    0.5410
    0.9088    0.5414
    0.9119    0.5437
    0.9198    0.5498
    0.9209    0.5505
    0.9244    0.5529
    0.9257    0.5539
    0.9263    0.5541
    0.9283    0.5553
    0.9285    0.5555
    0.9304    0.5569
    0.9314    0.5576
    0.9326    0.5586
    0.9332    0.5590
    0.9358    0.5610
    0.9369    0.5614
    0.9384    0.5625
    0.9391    0.5631
    0.9403    0.5641
    0.9409    0.5643
    0.9417    0.5650
    0.9425    0.5659
    0.9434    0.5668
    0.9469    0.5697
    0.9470    0.5697
    0.9487    0.5711
    0.9488    0.5712
    0.9505    0.5725
    0.9513    0.5730
    0.9552    0.5764
    0.9567    0.5776
    0.9576    0.5782
    0.9591    0.5798
    0.9595    0.5800
    0.9598    0.5803
    0.9599    0.5803
    0.9606    0.5809
    0.9626    0.5829
    0.9627    0.5830
    0.9647    0.5842
    0.9648    0.5842
    0.9654    0.5847
    0.9675    0.5864
    0.9687    0.5874
    0.9689    0.5876
    0.9728    0.5914
    0.9773    0.5946
    0.9783    0.5952
    0.9802    0.5969
    0.9816    0.5980
    0.9825    0.5986
    0.9844    0.5998
    0.9876    0.6018
    0.9910    0.6046
    0.9910    0.6047
    0.9934    0.6063
    0.9938    0.6068
    0.9961    0.6084
    0.9984    0.6104
    0.9993    0.6112
    1.0025    0.6133
    1.0060    0.6157
    1.0069    0.6164
    1.0109    0.6194
    1.0111    0.6195
    1.0120    0.6204
    1.0142    0.6223
    1.0190    0.6263
    1.0196    0.6268
    1.0216    0.6284
    1.0219    0.6287
    1.0240    0.6305
    1.0247    0.6311
    1.0247    0.6311
    1.0259    0.6321
    1.0270    0.6330
    1.0284    0.6343
    1.0288    0.6345
    1.0308    0.6361
    1.0320    0.6370
    1.0344    0.6388
    1.0377    0.6416
    1.0379    0.6417
    1.0385    0.6421
    1.0405    0.6438
    1.0410    0.6443
    1.0437    0.6466
    1.0455    0.6483
    1.0462    0.6489
    1.0491    0.6513
    1.0509    0.6527
    1.0542    0.6556
    1.0548    0.6560
    1.0553    0.6564
    1.0571    0.6583
    1.0582    0.6595
    1.0582    0.6595
    1.0586    0.6597
    1.0608    0.6610
    1.0613    0.6613
    1.0623    0.6619
    1.0655    0.6650
    1.0663    0.6658
    1.0669    0.6663
    1.0675    0.6667
    1.0716    0.6700
    1.0717    0.6701
    1.0726    0.6711
    1.0728    0.6711
    1.0741    0.6724
    1.0780    0.6754
    1.0805    0.6777
    1.0817    0.6786
    1.0846    0.6810
    1.0872    0.6828
    1.0886    0.6839
    1.0898    0.6849
    1.0904    0.6854
    1.0915    0.6861
    1.0955    0.6898
    1.0960    0.6903
    1.0969    0.6909
    1.1005    0.6935
    1.1008    0.6936
    1.1017    0.6941
    1.1017    0.6943
    1.1021    0.6947
    1.1031    0.6957
    1.1038    0.6963
    1.1064    0.6987
    1.1090    0.7004
    1.1112    0.7030
    1.1134    0.7049
    1.1134    0.7050
    1.1144    0.7063
    1.1152    0.7068
    1.1177    0.7095
    1.1216    0.7126
    1.1216    0.7126
    1.1286    0.7196
    1.1289    0.7200
    1.1325    0.7231
    1.1331    0.7234
    1.1339    0.7242
    1.1348    0.7252
    1.1368    0.7273
    1.1384    0.7291
    1.1389    0.7296
    1.1412    0.7318
    1.1423    0.7328
    1.1428    0.7332
    1.1434    0.7335
    1.1459    0.7363
    1.1478    0.7381
    1.1480    0.7385
    1.1524    0.7432
    1.1528    0.7436
    1.1567    0.7472
    1.1576    0.7479
    1.1578    0.7480
    1.1593    0.7490
    1.1597    0.7493
    1.1626    0.7527
    1.1630    0.7530
    1.1635    0.7537
    1.1659    0.7559
    1.1704    0.7596
    1.1715    0.7604
    1.1721    0.7607
    1.1735    0.7618
    1.1738    0.7622
    1.1742    0.7625
    1.1767    0.7644
    1.1805    0.7682
    1.1808    0.7686
    1.1844    0.7723
    1.1854    0.7733
    1.1863    0.7745
    1.1874    0.7756
    1.1939    0.7823
    1.1952    0.7838
    1.1961    0.7842
    1.1968    0.7851
    1.1978    0.7858
    1.1992    0.7868
    1.2001    0.7877
    1.2007    0.7886
    1.2054    0.7932
    1.2079    0.7949
    1.2088    0.7957
    1.2116    0.7990
    1.2141    0.8020
    1.2160    0.8037
    1.2177    0.8053
    1.2181    0.8056
    1.2190    0.8070
    1.2191    0.8070
    1.2193    0.8076
    1.2200    0.8085
    1.2234    0.8120
    1.2263    0.8150
    1.2342    0.8231
    1.2364    0.8251
    1.2371    0.8259
    1.2379    0.8264
    1.2389    0.8271
    1.2393    0.8274
    1.2463    0.8337
    1.2466    0.8339
    1.2467    0.8342
    1.2468    0.8343
    1.2471    0.8344
    1.2472    0.8346
    1.2480    0.8354
    1.2481    0.8355
    1.2556    0.8427
    1.2561    0.8432
    1.2571    0.8443
    1.2610    0.8479
    1.2627    0.8502
    1.2698    0.8577
    1.2743    0.8623
    1.2747    0.8627
    1.2757    0.8636
    1.2759    0.8638
    1.2787    0.8669
    1.2802    0.8680
    1.2816    0.8699
    1.2852    0.8732
    1.2867    0.8745
    1.2924    0.8796
    1.2928    0.8799
    1.2932    0.8801
    1.2943    0.8812
    1.2947    0.8819
    1.2980    0.8853
    1.2992    0.8861
    1.2997    0.8867
    1.3000    0.8871
    1.3017    0.8881
    1.3022    0.8888
    1.3047    0.8916
    1.3061    0.8932
    1.3064    0.8935
    1.3065    0.8936
    1.3069    0.8942
    1.3073    0.8945
    1.3099    0.8969
    1.3127    0.8997
    1.3138    0.9007
    1.3158    0.9026
    1.3174    0.9046
    1.3187    0.9061
    1.3199    0.9076
    1.3219    0.9104
    1.3235    0.9126
    1.3241    0.9133
    1.3244    0.9136
    1.3245    0.9136
    1.3275    0.9180
    1.3303    0.9206
    1.3315    0.9221
    1.3405    0.9311
    1.3421    0.9332
    1.3496    0.9412
    1.3539    0.9461
    1.3600    0.9517
    1.3604    0.9521
    1.3617    0.9535
    1.3618    0.9537
    1.3643    0.9570
    1.3655    0.9588
    1.3692    0.9637
    1.3708    0.9659
    1.3710    0.9660
    1.3711    0.9660
    1.3717    0.9673
    1.3722    0.9679
    1.3737    0.9700
    1.3778    0.9741
    1.3806    0.9774
    1.3836    0.9816
    1.3856    0.9842
    1.3877    0.9870
    1.3893    0.9898
    1.3927    0.9929
    1.3932    0.9938
    1.3941    0.9950
    1.3948    0.9959
    1.3958    0.9970
    1.3959    0.9970
    1.3972    0.9986
    1.3994    1.0012
    1.4008    1.0024
    1.4073    1.0097
    1.4075    1.0098
    1.4107    1.0126
    1.4112    1.0131
    1.4128    1.0157
    1.4143    1.0176
    1.4152    1.0185
    1.4169    1.0208
    1.4183    1.0230
    1.4234    1.0309
    1.4246    1.0318
    1.4248    1.0319
    1.4263    1.0340
    1.4286    1.0385
    1.4318    1.0432
    1.4332    1.0444
    1.4356    1.0479
    1.4360    1.0481
    1.4420    1.0542
    1.4423    1.0548
    1.4434    1.0556
    1.4438    1.0566
    1.4439    1.0570
    1.4449    1.0578
    1.4467    1.0590
    1.4478    1.0601
    1.4488    1.0609
    1.4505    1.0633
    1.4527    1.0658
    1.4540    1.0681
    1.4574    1.0729
    1.4603    1.0770
    1.4606    1.0776
    1.4617    1.0785
    1.4638    1.0823
    1.4681    1.0875
    1.4694    1.0887
    1.4700    1.0895
    1.4704    1.0902
    1.4729    1.0934
    1.4755    1.0967
    1.4791    1.1008
    1.4814    1.1044
    1.4821    1.1050
    1.4826    1.1053
    1.4837    1.1065
    1.4857    1.1088
    1.4866    1.1100
    1.4873    1.1105
    1.4886    1.1125
    1.4893    1.1131
    1.4916    1.1152
    1.4981    1.1234
    1.4983    1.1240
    1.5030    1.1298
    1.5047    1.1323
    1.5078    1.1375
    1.5079    1.1376
    1.5080    1.1376
    1.5088    1.1392
    1.5096    1.1398
    1.5108    1.1412
    1.5119    1.1423
    1.5128    1.1436
    1.5131    1.1444
    1.5143    1.1466
    1.5151    1.1472
    1.5167    1.1490
    1.5188    1.1525
    1.5193    1.1532
    1.5196    1.1534
    1.5227    1.1578
    1.5236    1.1587
    1.5251    1.1615
    1.5260    1.1627
    1.5294    1.1681
    1.5328    1.1718
    1.5341    1.1735
    1.5345    1.1737
    1.5349    1.1741
    1.5356    1.1749
    1.5361    1.1754
    1.5387    1.1781
    1.5388    1.1782
    1.5409    1.1803
    1.5415    1.1814
    1.5423    1.1824
    1.5424    1.1827
    1.5438    1.1843
    1.5453    1.1868
    1.5464    1.1887
    1.5479    1.1901
    1.5483    1.1904
    1.5496    1.1931
    1.5509    1.1949
    1.5554    1.2000
    1.5588    1.2050
    1.5615    1.2076
    1.5624    1.2094
    1.5647    1.2128
    1.5675    1.2175
    1.5718    1.2215
    1.5724    1.2218
    1.5730    1.2231
    1.5758    1.2271
    1.5765    1.2282
    1.5797    1.2326
    1.5798    1.2330
    1.5856    1.2410
    1.5858    1.2411
    1.5861    1.2412
    1.5885    1.2446
    1.5919    1.2497
    1.5956    1.2556
    1.5972    1.2573
    1.5980    1.2593
    1.5999    1.2620
    1.6001    1.2621
    1.6022    1.2671
    1.6024    1.2673
    1.6032    1.2679
    1.6040    1.2698
    1.6042    1.2699
    1.6060    1.2732
    1.6067    1.2749
    1.6127    1.2859
    1.6162    1.2907
    1.6200    1.2977
    1.6203    1.2977
    1.6229    1.3039
    1.6233    1.3043
    1.6244    1.3059
    1.6284    1.3125
    1.6298    1.3153
    1.6304    1.3161
    1.6321    1.3179
    1.6333    1.3192
    1.6335    1.3193
    1.6342    1.3202
    1.6345    1.3206
    1.6346    1.3208
    1.6347    1.3210
    1.6376    1.3258
    1.6390    1.3281
    1.6414    1.3324
    1.6448    1.3382
    1.6468    1.3409
    1.6481    1.3440
    1.6488    1.3452
    1.6498    1.3465
    1.6507    1.3476
    1.6547    1.3553
    1.6552    1.3564
    1.6579    1.3608
    1.6583    1.3611
    1.6585    1.3617
    1.6589    1.3621
    1.6604    1.3633
    1.6612    1.3640
    1.6618    1.3651
    1.6630    1.3673
    1.6633    1.3679
    1.6663    1.3738
    1.6681    1.3771
    1.6702    1.3803
    1.6714    1.3819
    1.6723    1.3839
    1.6731    1.3847
    1.6745    1.3861
    1.6750    1.3868
    1.6835    1.4015
    1.6879    1.4068
    1.6906    1.4137
    1.6927    1.4171
    1.6961    1.4225
    1.7002    1.4289
    1.7022    1.4324
    1.7044    1.4353
    1.7065    1.4389
    1.7080    1.4408
    1.7090    1.4436
    1.7121    1.4509
    1.7136    1.4547
    1.7143    1.4553
    1.7148    1.4563
    1.7170    1.4594
    1.7180    1.4608
    1.7186    1.4617
    1.7199    1.4636
    1.7214    1.4653
    1.7251    1.4729
    1.7268    1.4775
    1.7303    1.4837
    1.7324    1.4876
    1.7328    1.4887
    1.7330    1.4887
    1.7358    1.4943
    1.7372    1.4972
    1.7375    1.4977
    1.7407    1.5024
    1.7430    1.5066
    1.7448    1.5096
    1.7450    1.5102
    1.7463    1.5121
    1.7482    1.5145
    1.7516    1.5211
    1.7518    1.5217
    1.7541    1.5272
    1.7546    1.5276
    1.7574    1.5320
    1.7580    1.5332
    1.7596    1.5370
    1.7602    1.5386
    1.7615    1.5399
    1.7647    1.5447
    1.7662    1.5494
    1.7666    1.5499
    1.7675    1.5526
    1.7686    1.5550
    1.7710    1.5589
    1.7723    1.5608
    1.7744    1.5640
    1.7878    1.5862
    1.7898    1.5917
    1.7907    1.5931
    1.7938    1.5994
    1.7942    1.5998
    1.7969    1.6034
    1.7992    1.6078
    1.8001    1.6093
    1.8007    1.6104
    1.8084    1.6253
    1.8098    1.6285
    1.8160    1.6417
    1.8178    1.6444
    1.8187    1.6465
    1.8192    1.6483
    1.8202    1.6505
    1.8208    1.6513
    1.8209    1.6516
    1.8227    1.6546
    1.8232    1.6553
    1.8239    1.6565
    1.8316    1.6738
    1.8323    1.6753
    1.8330    1.6763
    1.8332    1.6763
    1.8370    1.6824
    1.8374    1.6833
    1.8375    1.6846
    1.8467    1.7007
    1.8522    1.7092
    1.8526    1.7093
    1.8541    1.7149
    1.8629    1.7330
    1.8633    1.7336
    1.8641    1.7367
    1.8658    1.7403
    1.8671    1.7443
    1.8694    1.7483
    1.8716    1.7537
    1.8721    1.7569
    1.8741    1.7623
    1.8747    1.7642
    1.8751    1.7651
    1.8760    1.7670
    1.8782    1.7731
    1.8803    1.7789
    1.8851    1.7892
    1.8862    1.7928
    1.8876    1.7952
    1.8880    1.7953
    1.8918    1.8061
    1.8936    1.8112
    1.8942    1.8117
    1.8969    1.8165
    1.8971    1.8166
    1.9011    1.8249
    1.9015    1.8258
    1.9019    1.8271
    1.9026    1.8299
    1.9038    1.8324
    1.9044    1.8330
    1.9061    1.8358
    1.9071    1.8369
    1.9131    1.8476
    1.9142    1.8493
    1.9156    1.8516
    1.9162    1.8525
    1.9171    1.8563
    1.9181    1.8575
    1.9200    1.8637
    1.9241    1.8749
    1.9260    1.8794
    1.9281    1.8850
    1.9305    1.8918
    1.9368    1.9067
    1.9383    1.9123
    1.9401    1.9155
    1.9405    1.9163
    1.9470    1.9304
    1.9514    1.9404
    1.9621    1.9750
    1.9624    1.9751
    1.9640    1.9835
    1.9651    1.9872
    1.9656    1.9888
    1.9677    1.9931
    1.9707    2.0034
    1.9714    2.0049
    1.9735    2.0100
    1.9763    2.0172
    1.9770    2.0211
    1.9775    2.0221
    1.9827    2.0317
    1.9854    2.0362
    1.9924    2.0503
    1.9931    2.0534
    1.9961    2.0603
    1.9978    2.0662
    1.9995    2.0709
    1.9998    2.0716
    2.0045    2.0835
    2.0080    2.0900
    2.0095    2.0919
    2.0100    2.0930
    2.0128    2.0971
    2.0133    2.0999
    2.0164    2.1102
    2.0174    2.1138
    2.0182    2.1159
    2.0192    2.1176
    2.0199    2.1210
    2.0205    2.1226
    2.0236    2.1293
    2.0238    2.1297
    2.0249    2.1308
    2.0275    2.1369
    2.0291    2.1415
    2.0301    2.1437
    2.0306    2.1438
    2.0314    2.1466
    2.0330    2.1508
    2.0346    2.1615
    2.0357    2.1646
    2.0386    2.1738
    2.0391    2.1746
    2.0402    2.1763
    2.0405    2.1772
    2.0413    2.1835
    2.0415    2.1839
    2.0421    2.1852
    2.0434    2.1891
    2.0470    2.2007
    2.0472    2.2010
    2.0494    2.2028
    2.0500    2.2028
    2.0508    2.2055
    2.0513    2.2071
    2.0516    2.2076
    2.0538    2.2139
    2.0546    2.2166
    2.0555    2.2184
    2.0569    2.2210
    2.0577    2.2221
    2.0580    2.2222
    2.0582    2.2223
    2.0599    2.2281
    2.0616    2.2306
    2.0619    2.2318
    2.0622    2.2340
    2.0627    2.2349
    2.0650    2.2399
    2.0661    2.2471
    2.0670    2.2477
    2.0675    2.2491
    2.0687    2.2516
    2.0715    2.2587
    2.0735    2.2661
    2.0761    2.2739
    2.0802    2.2809
    2.0805    2.2815
    2.0811    2.2850
    2.0819    2.2871
    2.0849    2.2963
    2.0852    2.2986
    2.0893    2.3101
    2.0905    2.3122
    2.0932    2.3152
    2.0938    2.3166
    2.0941    2.3169
    2.0944    2.3172
    2.0953    2.3208
    2.0956    2.3236
    2.0983    2.3323
    2.0992    2.3356
    2.1004    2.3408
    2.1007    2.3414
    2.1010    2.3429
    2.1017    2.3442
    2.1023    2.3447
    2.1029    2.3476
    2.1041    2.3517
    2.1050    2.3547
    2.1084    2.3708
    2.1093    2.3786
    2.1109    2.3803
    2.1143    2.3932
    2.1165    2.4014
    2.1171    2.4034
    2.1181    2.4076
    2.1187    2.4098
    2.1190    2.4113
    2.1206    2.4166
    2.1209    2.4167
    2.1216    2.4183
    2.1225    2.4198
    2.1232    2.4228
    2.1235    2.4248
    2.1241    2.4249
    2.1248    2.4284
    2.1254    2.4287
    2.1264    2.4305
    2.1280    2.4376
    2.1283    2.4382
    2.1289    2.4396
    2.1296    2.4414
    2.1302    2.4445
    2.1309    2.4459
    2.1315    2.4479
    2.1319    2.4488
    2.1325    2.4498
    2.1328    2.4501
    2.1345    2.4530
    2.1348    2.4531
    2.1354    2.4574
    2.1358    2.4589
    2.1368    2.4615
    2.1374    2.4648
    2.1377    2.4649
    2.1384    2.4664
    2.1394    2.4684
    2.1397    2.4700
    2.1404    2.4720
    2.1414    2.4771
    2.1420    2.4781
    2.1424    2.4787
    2.1427    2.4805
    2.1440    2.4863
    2.1447    2.4866
    2.1467    2.4970
    2.1474    2.4994
    2.1477    2.5037
    2.1484    2.5075
    2.1487    2.5087
    2.1491    2.5091
    2.1498    2.5099
    2.1501    2.5122
    2.1504    2.5158
    2.1514    2.5180
    2.1528    2.5221
    2.1531    2.5261
    2.1538    2.5264
    2.1542    2.5269
    2.1545    2.5272
    2.1548    2.5273
    2.1559    2.5312
    2.1569    2.5336
    2.1572    2.5355
    2.1586    2.5409
    2.1593    2.5440
    2.1596    2.5441
    2.1607    2.5457
    2.1614    2.5467
    2.1624    2.5479
    2.1635    2.5558
    2.1638    2.5561
    2.1642    2.5586
    2.1645    2.5588
    2.1652    2.5611
    2.1656    2.5630
    2.1669    2.5657
    2.1687    2.5728
    2.1705    2.5773
    2.1715    2.5789
    2.1722    2.5833
    2.1726    2.5837
    2.1733    2.5846
    2.1747    2.5872
    2.1754    2.5894
    2.1758    2.5932
    2.1776    2.5961
    2.1783    2.5968
    2.1801    2.6000
    2.1834    2.6160
    2.1837    2.6168
    2.1844    2.6194
    2.1855    2.6222
    2.1866    2.6229
    2.1877    2.6249
    2.1881    2.6274
    2.1888    2.6296
    2.1903    2.6356
    2.1910    2.6369
    2.1914    2.6377
    2.1918    2.6406
    2.1929    2.6430
    2.1933    2.6433
    2.1936    2.6450
    2.1951    2.6488
    2.1970    2.6518
    2.1992    2.6542
    2.1996    2.6557
    2.2000    2.6560
    2.2008    2.6562
    2.2011    2.6563
    2.2019    2.6568
    2.2023    2.6580
    2.2026    2.6648
    2.2030    2.6650
    2.2038    2.6672
    2.2053    2.6702
    2.2072    2.6801
    2.2087    2.6826
    2.2099    2.6847
    2.2103    2.6858
    2.2114    2.6885
    2.2118    2.6902
    2.2122    2.6916
    2.2134    2.6960
    2.2142    2.6971
    2.2149    2.7015
    2.2153    2.7032
    2.2157    2.7048
    2.2161    2.7049
    2.2165    2.7052
    2.2169    2.7074
    2.2173    2.7074
    2.2177    2.7077
    2.2181    2.7085
    2.2185    2.7087
    2.2188    2.7097
    2.2196    2.7109
    2.2204    2.7140
    2.2208    2.7147
    2.2216    2.7178
    2.2220    2.7192
    2.2232    2.7219
    2.2236    2.7222
    2.2240    2.7255
    2.2244    2.7270
    2.2248    2.7270
    2.2252    2.7293
    2.2256    2.7293
    2.2260    2.7293
    2.2264    2.7300
    2.2268    2.7301
    2.2272    2.7303
    2.2276    2.7307
    2.2280    2.7310
    2.2284    2.7311
    2.2288    2.7312
    2.2292    2.7328
    2.2296    2.7353
    2.2300    2.7360
    2.2308    2.7392
    2.2312    2.7397
    2.2316    2.7401
    2.2320    2.7401
    2.2324    2.7507
    2.2328    2.7511
    2.2332    2.7521
    2.2336    2.7540
    2.2340    2.7554
    2.2348    2.7572
    2.2352    2.7588
    2.2356    2.7588
    2.2361    2.7595
    2.2365    2.7603
    2.2369    2.7616
    2.2373    2.7621
    2.2377    2.7628
    2.2381    2.7641
    2.2385    2.7643
    2.2389    2.7649
    2.2393    2.7668
    2.2397    2.7670
    2.2401    2.7737
    2.2406    2.7746
    2.2410    2.7763
    2.2414    2.7766
    2.2418    2.7767
    2.2422    2.7791
    2.2426    2.7828
    2.2430    2.7840
    2.2435    2.7847
    2.2439    2.7859
    2.2443    2.7862
    2.2447    2.7873
    2.2451    2.7891
    2.2455    2.7893
    2.2459    2.7896
    2.2464    2.7897
    2.2468    2.7905
    2.2472    2.7911
    2.2476    2.7915
    2.2480    2.7925
    2.2485    2.7934
    2.2502    2.8039
    2.2506    2.8050
    2.2510    2.8064
    2.2518    2.8067
    2.2523    2.8075
    2.2527    2.8093
    2.2531    2.8095
    2.2539    2.8128
    2.2544    2.8139
    2.2548    2.8141
    2.2561    2.8157
    2.2565    2.8164
    2.2574    2.8204
    2.2587    2.8264
    2.2591    2.8273
    2.2595    2.8276
    2.2599    2.8283
    2.2604    2.8322
    2.2608    2.8338
    2.2612    2.8340
    2.2617    2.8363
    2.2621    2.8382
    2.2625    2.8394
    2.2630    2.8403
    2.2634    2.8405
    2.2638    2.8409
    2.2643    2.8418
    2.2647    2.8440
    2.2651    2.8443
    2.2656    2.8455
    2.2660    2.8459
    2.2664    2.8487
    2.2669    2.8487
    2.2673    2.8508
    2.2678    2.8509
    2.2682    2.8510
    2.2686    2.8511
    2.2691    2.8527
    2.2695    2.8538
    2.2699    2.8543
    2.2704    2.8567
    2.2708    2.8567
    2.2713    2.8568
    2.2717    2.8569
    2.2726    2.8604
    2.2731    2.8643
    2.2735    2.8669
    2.2739    2.8717
    2.2744    2.8717
    2.2748    2.8718
    2.2753    2.8767
    2.2757    2.8768
    2.2762    2.8782
    2.2771    2.8811
    2.2775    2.8841
    2.2784    2.8854
    2.2788    2.8861
    2.2793    2.8863
    2.2798    2.8872
    2.2802    2.8889
    2.2811    2.8973
    2.2816    2.8979
    2.2820    2.8982
    2.2825    2.9035
    2.2829    2.9060
    2.2834    2.9117
    2.2838    2.9117
    2.2843    2.9139
    2.2852    2.9156
    2.2856    2.9157
    2.2861    2.9157
    2.2870    2.9178
    2.2875    2.9199
    2.2879    2.9220
    2.2884    2.9230
    2.2889    2.9250
    2.2893    2.9251
    2.2898    2.9257
    2.2902    2.9259
    2.2907    2.9289
    2.2912    2.9314
    2.2916    2.9318
    2.2921    2.9327
    2.2925    2.9328
    2.2930    2.9355
    2.2939    2.9356
    2.2944    2.9378
    2.2949    2.9384
    2.2953    2.9418
    2.2958    2.9432
    2.2963    2.9448
    2.2967    2.9448
    2.2972    2.9461
    2.2977    2.9493
    2.2982    2.9493
    2.2986    2.9498
    2.2991    2.9516
    2.2996    2.9521
    2.3000    2.9525
    2.3005    2.9540
    2.3010    2.9552
    2.3014    2.9564
    2.3019    2.9572
    2.3024    2.9575
    2.3029    2.9577
    2.3033    2.9592
    2.3038    2.9593
    2.3043    2.9597
    2.3048    2.9600
    2.3057    2.9641
    2.3062    2.9652
    2.3067    2.9711
    2.3072    2.9718
    2.3081    2.9731
    2.3086    2.9786
    2.3091    2.9793
    2.3096    2.9799
    2.3105    2.9843
    2.3115    2.9856
    2.3120    2.9859
    2.3125    2.9861
    2.3130    2.9869
    2.3134    2.9875
    2.3139    2.9882
    2.3144    2.9910
    2.3154    2.9925
    2.3159    2.9946
    2.3164    2.9953
    2.3169    2.9957
    2.3173    2.9960
    2.3178    2.9973
    2.3183    2.9978
    2.3188    2.9996
    2.3198    3.0028
    2.3203    3.0033
    2.3208    3.0042
    2.3213    3.0042
    2.3218    3.0049
    2.3223    3.0055
    2.3228    3.0067
    2.3233    3.0092
    2.3238    3.0123
    2.3243    3.0126
    2.3248    3.0128
    2.3253    3.0129
    2.3258    3.0129
    2.3263    3.0133
    2.3268    3.0153
    2.3273    3.0174
    2.3278    3.0180
    2.3283    3.0181
    2.3288    3.0200
    2.3293    3.0270
    2.3298    3.0284
    2.3303    3.0287
    2.3308    3.0332
    2.3313    3.0340
    2.3318    3.0361
    2.3323    3.0382
    2.3328    3.0395
    2.3334    3.0403
    2.3339    3.0421
    2.3344    3.0432
    2.3349    3.0455
    2.3354    3.0457
    2.3359    3.0501
    2.3364    3.0521
    2.3369    3.0524
    2.3375    3.0541
    2.3380    3.0542
    2.3385    3.0559
    2.3390    3.0587
    2.3395    3.0616
    2.3400    3.0650
    2.3405    3.0670
    2.3411    3.0671
    2.3416    3.0679
    2.3421    3.0692
    2.3426    3.0733
    2.3432    3.0738
    2.3437    3.0757
    2.3442    3.0779
    2.3447    3.0788
    2.3452    3.0792
    2.3458    3.0815
    2.3463    3.0820
    2.3468    3.0888
    2.3473    3.0896
    2.3479    3.0901
    2.3484    3.0905
    2.3489    3.0907
    2.3495    3.0947
    2.3500    3.0950
    2.3505    3.0960
    2.3511    3.0984
    2.3516    3.1025
    2.3521    3.1029
    2.3526    3.1038
    2.3532    3.1043
    2.3537    3.1054
    2.3542    3.1068
    2.3548    3.1109
    2.3553    3.1129
    2.3558    3.1140
    2.3564    3.1143
    2.3569    3.1153
    2.3575    3.1220
    2.3580    3.1239
    2.3586    3.1250
    2.3591    3.1261
    2.3596    3.1272
    2.3602    3.1275
    2.3607    3.1283
    2.3613    3.1290
    2.3618    3.1302
    2.3624    3.1307
    2.3629    3.1325
    2.3634    3.1336
    2.3640    3.1336
    2.3645    3.1366
    2.3651    3.1377
    2.3656    3.1378
    2.3662    3.1382
    2.3667    3.1404
    2.3673    3.1411
    2.3679    3.1422
    2.3684    3.1517
    2.3690    3.1535
    2.3695    3.1598
    2.3701    3.1609
    2.3706    3.1636
    2.3712    3.1654
    2.3717    3.1671
    2.3723    3.1696
    2.3728    3.1708
    2.3734    3.1742
    2.3740    3.1775
    2.3745    3.1775
    2.3751    3.1791
    2.3757    3.1808
    2.3762    3.1819
    2.3768    3.1825
    2.3773    3.1834
    2.3779    3.1862
    2.3785    3.1876
    2.3790    3.1876
    2.3796    3.1886
    2.3802    3.1928
    2.3807    3.1966
    2.3813    3.1985
    2.3819    3.1991
    2.3825    3.1999
    2.3830    3.2009
    2.3836    3.2021
    2.3842    3.2088
    2.3848    3.2096
    2.3853    3.2115
    2.3859    3.2116
    2.3865    3.2156
    2.3871    3.2167
    2.3876    3.2199
    2.3882    3.2221
    2.3888    3.2248
    2.3894    3.2250
    2.3900    3.2284
    2.3906    3.2306
    2.3911    3.2306
    2.3917    3.2324
    2.3923    3.2373
    2.3929    3.2378
    2.3935    3.2388
    2.3941    3.2407
    2.3946    3.2520
    2.3952    3.2521
    2.3958    3.2588
    2.3964    3.2604
    2.3970    3.2656
    2.3976    3.2670
    2.3982    3.2684
    2.3988    3.2710
    2.3994    3.2757
    2.4000    3.2763
    2.4006    3.2777
    2.4012    3.2782
    2.4018    3.2798
    2.4024    3.2814
    2.4030    3.2841
    2.4036    3.2844
    2.4042    3.2844
    2.4048    3.2845
    2.4054    3.2848
    2.4060    3.2873
    2.4066    3.2891
    2.4072    3.2893
    2.4078    3.2898
    2.4084    3.2910
    2.4090    3.2913
    2.4096    3.2924
    2.4103    3.2924
    2.4109    3.2929
    2.4115    3.2931
    2.4121    3.2945
    2.4127    3.3011
    2.4133    3.3045
    2.4140    3.3059
    2.4146    3.3177
    2.4152    3.3184
    2.4158    3.3188
    2.4164    3.3217
    2.4170    3.3225
    2.4177    3.3231
    2.4183    3.3241
    2.4189    3.3284
    2.4195    3.3375
    2.4202    3.3396
    2.4208    3.3399
    2.4214    3.3405
    2.4221    3.3406
    2.4227    3.3423
    2.4233    3.3492
    2.4239    3.3497
    2.4246    3.3552
    2.4252    3.3590
    2.4258    3.3592
    2.4265    3.3627
    2.4271    3.3647
    2.4277    3.3648
    2.4284    3.3669
    2.4290    3.3679
    2.4297    3.3699
    2.4303    3.3737
    2.4310    3.3737
    2.4316    3.3773
    2.4322    3.3782
    2.4329    3.3791
    2.4335    3.3815
    2.4342    3.3858
    2.4348    3.3862
    2.4355    3.3964
    2.4361    3.3985
    2.4368    3.3987
    2.4374    3.4020
    2.4381    3.4029
    2.4387    3.4040
    2.4394    3.4046
    2.4401    3.4054
    2.4407    3.4089
    2.4414    3.4099
    2.4420    3.4110
    2.4427    3.4178
    2.4434    3.4192
    2.4440    3.4196
    2.4447    3.4221
    2.4454    3.4228
    2.4460    3.4242
    2.4467    3.4255
    2.4474    3.4296
    2.4480    3.4345
    2.4487    3.4350
    2.4494    3.4355
    2.4500    3.4397
    2.4507    3.4437
    2.4514    3.4441
    2.4521    3.4443
    2.4527    3.4496
    2.4534    3.4511
    2.4541    3.4517
    2.4548    3.4518
    2.4555    3.4541
    2.4561    3.4555
    2.4568    3.4598
    2.4575    3.4623
    2.4582    3.4640
    2.4589    3.4673
    2.4596    3.4685
    2.4603    3.4746
    2.4610    3.4779
    2.4617    3.4792
    2.4624    3.4794
    2.4630    3.4806
    2.4637    3.4819
    2.4644    3.4845
    2.4651    3.4866
    2.4658    3.4872
    2.4665    3.4875
    2.4672    3.4889
    2.4679    3.4903
    2.4687    3.4908
    2.4694    3.4911
    2.4701    3.4912
    2.4708    3.4931
    2.4715    3.4949
    2.4722    3.4968
    2.4729    3.4990
    2.4736    3.4998
    2.4743    3.5002
    2.4750    3.5006
    2.4758    3.5082
    2.4765    3.5116
    2.4772    3.5122
    2.4779    3.5125
    2.4786    3.5136
    2.4794    3.5152
    2.4801    3.5167
    2.4808    3.5178
    2.4815    3.5221
    2.4823    3.5239
    2.4830    3.5251
    2.4837    3.5255
    2.4845    3.5278
    2.4852    3.5283
    2.4859    3.5290
    2.4867    3.5380
    2.4874    3.5388
    2.4881    3.5395
    2.4889    3.5410
    2.4896    3.5419
    2.4904    3.5446
    2.4911    3.5450
    2.4919    3.5450
    2.4926    3.5495
    2.4934    3.5555
    2.4941    3.5582
    2.4949    3.5593
    2.4956    3.5595
    2.4964    3.5597
    2.4971    3.5600
    2.4979    3.5605
    2.4986    3.5626
    2.4994    3.5659
    2.5002    3.5664
    2.5009    3.5699
    2.5017    3.5739
    2.5025    3.5754
    2.5032    3.5761
    2.5040    3.5785
    2.5048    3.5804
    2.5055    3.5823
    2.5063    3.5830
    2.5071    3.5856
    2.5079    3.5877
    2.5086    3.5880
    2.5094    3.5880
    2.5102    3.5930
    2.5110    3.5934
    2.5118    3.5948
    2.5125    3.5983
    2.5133    3.6119
    2.5141    3.6125
    2.5149    3.6132
    2.5157    3.6150
    2.5165    3.6175
    2.5173    3.6190
    2.5181    3.6248
    2.5189    3.6255
    2.5197    3.6272
    2.5205    3.6314
    2.5213    3.6334
    2.5221    3.6389
    2.5229    3.6402
    2.5237    3.6419
    2.5245    3.6422
    2.5254    3.6459
    2.5262    3.6490
    2.5270    3.6550
    2.5278    3.6557
    2.5286    3.6561
    2.5294    3.6588
    2.5303    3.6614
    2.5311    3.6615
    2.5319    3.6616
    2.5327    3.6619
    2.5336    3.6637
    2.5344    3.6649
    2.5352    3.6653
    2.5360    3.6667
    2.5369    3.6692
    2.5377    3.6733
    2.5386    3.6752
    2.5394    3.6766
    2.5403    3.6770
    2.5411    3.6778
    2.5419    3.6795
    2.5428    3.6810
    2.5436    3.6820
    2.5445    3.6826
    2.5453    3.6827
    2.5462    3.6855
    2.5471    3.6863
    2.5479    3.6903
    2.5488    3.6906
    2.5496    3.6917
    2.5505    3.6935
    2.5514    3.6961
    2.5522    3.7027
    2.5531    3.7094
    2.5540    3.7126
    2.5549    3.7171
    2.5557    3.7181
    2.5566    3.7185
    2.5575    3.7189
    2.5584    3.7224
    2.5593    3.7278
    2.5601    3.7281
    2.5610    3.7314
    2.5619    3.7337
    2.5628    3.7374
    2.5637    3.7422
    2.5646    3.7450
    2.5655    3.7467
    2.5664    3.7477
    2.5673    3.7585
    2.5682    3.7638
    2.5691    3.7684
    2.5700    3.7691
    2.5710    3.7700
    2.5719    3.7726
    2.5728    3.7768
    2.5737    3.7800
    2.5746    3.7849
    2.5755    3.7871
    2.5765    3.7920
    2.5774    3.7924
    2.5783    3.7940
    2.5793    3.7955
    2.5802    3.7977
    2.5811    3.7985
    2.5821    3.8012
    2.5830    3.8022
    2.5839    3.8024
    2.5849    3.8026
    2.5858    3.8145
    2.5868    3.8160
    2.5877    3.8191
    2.5887    3.8194
    2.5896    3.8216
    2.5906    3.8217
    2.5916    3.8223
    2.5925    3.8226
    2.5935    3.8238
    2.5945    3.8252
    2.5954    3.8287
    2.5964    3.8393
    2.5974    3.8398
    2.5984    3.8413
    2.5993    3.8423
    2.6003    3.8436
    2.6013    3.8441
    2.6023    3.8481
    2.6033    3.8567
    2.6043    3.8608
    2.6053    3.8624
    2.6063    3.8692
    2.6073    3.8788
    2.6083    3.8789
    2.6093    3.8800
    2.6103    3.8817
    2.6113    3.8846
    2.6123    3.8852
    2.6133    3.8953
    2.6143    3.8964
    2.6154    3.8979
    2.6164    3.8989
    2.6174    3.9147
    2.6185    3.9188
    2.6195    3.9219
    2.6205    3.9222
    2.6216    3.9244
    2.6226    3.9307
    2.6237    3.9337
    2.6247    3.9343
    2.6258    3.9423
    2.6268    3.9451
    2.6279    3.9451
    2.6289    3.9514
    2.6300    3.9527
    2.6311    3.9572
    2.6321    3.9578
    2.6332    3.9589
    2.6343    3.9596
    2.6354    3.9615
    2.6364    3.9665
    2.6375    3.9680
    2.6386    3.9684
    2.6397    3.9766
    2.6408    3.9767
    2.6419    3.9791
    2.6430    3.9810
    2.6441    3.9823
    2.6452    3.9873
    2.6463    3.9913
    2.6474    3.9963
    2.6485    3.9985
    2.6497    4.0104
    2.6508    4.0105
    2.6519    4.0135
    2.6530    4.0162
    2.6542    4.0195
    2.6553    4.0197
    2.6564    4.0200
    2.6576    4.0211
    2.6587    4.0243
    2.6599    4.0281
    2.6610    4.0315
    2.6622    4.0328
    2.6634    4.0381
    2.6645    4.0468
    2.6657    4.0483
    2.6669    4.0534
    2.6680    4.0563
    2.6692    4.0611
    2.6704    4.0624
    2.6716    4.0691
    2.6728    4.0756
    2.6740    4.0758
    2.6752    4.0815
    2.6764    4.0849
    2.6776    4.0864
    2.6788    4.0872
    2.6800    4.0911
    2.6812    4.0914
    2.6824    4.1021
    2.6836    4.1034
    2.6849    4.1049
    2.6861    4.1105
    2.6874    4.1118
    2.6886    4.1125
    2.6898    4.1141
    2.6911    4.1177
    2.6923    4.1191
    2.6936    4.1271
    2.6949    4.1326
    2.6961    4.1422
    2.6974    4.1427
    2.6987    4.1469
    2.6999    4.1486
    2.7012    4.1516
    2.7025    4.1583
    2.7038    4.1618
    2.7051    4.1626
    2.7064    4.1636
    2.7077    4.1684
    2.7090    4.1710
    2.7104    4.1744
    2.7117    4.1763
    2.7130    4.1768
    2.7143    4.1823
    2.7157    4.1835
    2.7170    4.1848
    2.7184    4.1879
    2.7197    4.1966
    2.7211    4.2056
    2.7224    4.2077
    2.7238    4.2104
    2.7252    4.2163
    2.7265    4.2187
    2.7279    4.2193
    2.7293    4.2200
    2.7307    4.2284
    2.7321    4.2330
    2.7335    4.2349
    2.7349    4.2406
    2.7363    4.2418
    2.7377    4.2480
    2.7391    4.2590
    2.7406    4.2700
    2.7420    4.2742
    2.7435    4.2742
    2.7449    4.2915
    2.7463    4.2933
    2.7478    4.2939
    2.7493    4.2974
    2.7507    4.3018
    2.7522    4.3022
    2.7537    4.3039
    2.7552    4.3110
    2.7567    4.3269
    2.7582    4.3360
    2.7597    4.3376
    2.7612    4.3421
    2.7627    4.3459
    2.7642    4.3514
    2.7658    4.3517
    2.7673    4.3534
    2.7688    4.3544
    2.7704    4.3591
    2.7720    4.3692
    2.7735    4.3954
    2.7751    4.3992
    2.7767    4.3992
    2.7782    4.4193
    2.7798    4.4223
    2.7815    4.4248
    2.7831    4.4290
    2.7847    4.4317
    2.7863    4.4405
    2.7879    4.4486
    2.7896    4.4517
    2.7912    4.4576
    2.7928    4.4577
    2.7945    4.4585
    2.7962    4.4591
    2.7979    4.4645
    2.7995    4.4748
    2.8012    4.4775
    2.8029    4.4818
    2.8046    4.4884
    2.8063    4.4932
    2.8081    4.4993
    2.8098    4.5092
    2.8115    4.5180
    2.8133    4.5227
    2.8150    4.5298
    2.8168    4.5359
    2.8186    4.5394
    2.8204    4.5416
    2.8222    4.5437
    2.8239    4.5438
    2.8257    4.5446
    2.8276    4.5493
    2.8294    4.5504
    2.8312    4.5525
    2.8331    4.5572
    2.8349    4.5576
    2.8368    4.5622
    2.8387    4.5762
    2.8406    4.5867
    2.8425    4.5898
    2.8444    4.5994
    2.8463    4.6028
    2.8482    4.6122
    2.8502    4.6124
    2.8521    4.6512
    2.8541    4.6647
    2.8561    4.6672
    2.8580    4.6739
    2.8600    4.6766
    2.8620    4.6967
    2.8641    4.7014
    2.8661    4.7025
    2.8681    4.7093
    2.8702    4.7172
    2.8723    4.7201
    2.8743    4.7242
    2.8764    4.7256
    2.8785    4.7322
    2.8806    4.7412
    2.8828    4.7531
    2.8849    4.7774
    2.8871    4.8110
    2.8892    4.8164
    2.8914    4.8397
    2.8936    4.8430
    2.8958    4.8441
    2.8981    4.8476
    2.9003    4.8544
    2.9026    4.8780
    2.9048    4.8888
    2.9071    4.8917
    2.9094    4.8961
    2.9117    4.9058
    2.9141    4.9066
    2.9164    4.9071
    2.9188    4.9163
    2.9211    4.9198
    2.9236    4.9226
    2.9260    4.9323
    2.9284    4.9392
    2.9308    4.9425
    2.9333    4.9740
    2.9358    4.9842
    2.9383    4.9871
    2.9408    4.9891
    2.9433    4.9996
&
@ s1 color 1
@ s1 linestyle 1
   -4.0000   -4.0000
    4.0000    4.0000
&
