@version 40102
@ title "Outliers on detector (horizontal rotation axis)"
@ subtitle " all images exclude test"
@with G0
@  world xmin   -0.8794
@  world xmax    0.8794
@  world ymin   -0.8794
@  world ymax    0.8794
@  view xmin    0.0500
@  view xmax    0.6500
@  view ymin    0.1500
@  view ymax    0.9000
@  xaxis  tick on
@  xaxis  tick major    0.8794
@  xaxis  tick major grid on
@  xaxis  tick minor ticks 0
@  yaxis  tick on
@  yaxis  tick major    0.8794
@  yaxis  tick major grid on
@  yaxis  tick minor ticks 0
@  xaxis  ticklabel off
@  yaxis  ticklabel off
@  legend loctype world
@  legend x1     0.440
@  legend y1    -0.791
@  legend color 1
@  legend vgap 2
@  legend hgap 1
@  legend length 1
@  legend font 4
@  legend char size 0.8
@  legend on
@G0 on
@  s0 type xy
@  s0  linestyle 1
@  s0  color   1
  0.8794   0.0000
  0.8775   0.0575
  0.8719   0.1148
  0.8625   0.1716
  0.8494   0.2276
  0.8327   0.2827
  0.8125   0.3365
  0.7887   0.3889
  0.7616   0.4397
  0.7312   0.4886
  0.6977   0.5353
  0.6612   0.5798
  0.6218   0.6218
  0.5798   0.6612
  0.5353   0.6977
  0.4886   0.7312
  0.4397   0.7616
  0.3889   0.7887
  0.3365   0.8125
  0.2827   0.8327
  0.2276   0.8494
  0.1716   0.8625
  0.1148   0.8719
  0.0575   0.8775
  0.0000   0.8794
 -0.0575   0.8775
 -0.1148   0.8719
 -0.1716   0.8625
 -0.2276   0.8494
 -0.2827   0.8327
 -0.3365   0.8125
 -0.3889   0.7887
 -0.4397   0.7616
 -0.4886   0.7312
 -0.5353   0.6977
 -0.5798   0.6612
 -0.6218   0.6218
 -0.6612   0.5798
 -0.6977   0.5353
 -0.7312   0.4886
 -0.7616   0.4397
 -0.7887   0.3889
 -0.8125   0.3365
 -0.8327   0.2827
 -0.8494   0.2276
 -0.8625   0.1716
 -0.8719   0.1148
 -0.8775   0.0575
 -0.8794   0.0000
 -0.8775  -0.0575
 -0.8719  -0.1148
 -0.8625  -0.1716
 -0.8494  -0.2276
 -0.8327  -0.2827
 -0.8125  -0.3365
 -0.7887  -0.3889
 -0.7616  -0.4397
 -0.7312  -0.4886
 -0.6977  -0.5353
 -0.6612  -0.5798
 -0.6218  -0.6218
 -0.5798  -0.6612
 -0.5353  -0.6977
 -0.4886  -0.7312
 -0.4397  -0.7616
 -0.3889  -0.7887
 -0.3365  -0.8125
 -0.2827  -0.8327
 -0.2276  -0.8494
 -0.1716  -0.8625
 -0.1148  -0.8719
 -0.0575  -0.8775
 -0.0000  -0.8794
  0.0575  -0.8775
  0.1148  -0.8719
  0.1716  -0.8625
  0.2276  -0.8494
  0.2827  -0.8327
  0.3365  -0.8125
  0.3889  -0.7887
  0.4397  -0.7616
  0.4886  -0.7312
  0.5353  -0.6977
  0.5798  -0.6612
  0.6218  -0.6218
  0.6612  -0.5798
  0.6977  -0.5353
  0.7312  -0.4886
  0.7616  -0.4397
  0.7887  -0.3889
  0.8125  -0.3365
  0.8327  -0.2827
  0.8494  -0.2276
  0.8625  -0.1716
  0.8719  -0.1148
  0.8775  -0.0575
  0.8794  -0.0000
&
@  s1 type xy
@  s1  linestyle 1
@  s1  color   2
@  legend string   1 "ice rings"
  0.2564   0.0000
  0.2559   0.0168
  0.2542   0.0335
  0.2515   0.0500
  0.2477   0.0664
  0.2428   0.0824
  0.2369   0.0981
  0.2300   0.1134
  0.2221   0.1282
  0.2132   0.1425
  0.2034   0.1561
  0.1928   0.1691
  0.1813   0.1813
  0.1691   0.1928
  0.1561   0.2034
  0.1425   0.2132
  0.1282   0.2221
  0.1134   0.2300
  0.0981   0.2369
  0.0824   0.2428
  0.0664   0.2477
  0.0500   0.2515
  0.0335   0.2542
  0.0168   0.2559
  0.0000   0.2564
 -0.0168   0.2559
 -0.0335   0.2542
 -0.0500   0.2515
 -0.0664   0.2477
 -0.0824   0.2428
 -0.0981   0.2369
 -0.1134   0.2300
 -0.1282   0.2221
 -0.1425   0.2132
 -0.1561   0.2034
 -0.1691   0.1928
 -0.1813   0.1813
 -0.1928   0.1691
 -0.2034   0.1561
 -0.2132   0.1425
 -0.2221   0.1282
 -0.2300   0.1134
 -0.2369   0.0981
 -0.2428   0.0824
 -0.2477   0.0664
 -0.2515   0.0500
 -0.2542   0.0335
 -0.2559   0.0168
 -0.2564   0.0000
 -0.2559  -0.0168
 -0.2542  -0.0335
 -0.2515  -0.0500
 -0.2477  -0.0664
 -0.2428  -0.0824
 -0.2369  -0.0981
 -0.2300  -0.1134
 -0.2221  -0.1282
 -0.2132  -0.1425
 -0.2034  -0.1561
 -0.1928  -0.1691
 -0.1813  -0.1813
 -0.1691  -0.1928
 -0.1561  -0.2034
 -0.1425  -0.2132
 -0.1282  -0.2221
 -0.1134  -0.2300
 -0.0981  -0.2369
 -0.0824  -0.2428
 -0.0664  -0.2477
 -0.0500  -0.2515
 -0.0335  -0.2542
 -0.0168  -0.2559
 -0.0000  -0.2564
  0.0168  -0.2559
  0.0335  -0.2542
  0.0500  -0.2515
  0.0664  -0.2477
  0.0824  -0.2428
  0.0981  -0.2369
  0.1134  -0.2300
  0.1282  -0.2221
  0.1425  -0.2132
  0.1561  -0.2034
  0.1691  -0.1928
  0.1813  -0.1813
  0.1928  -0.1691
  0.2034  -0.1561
  0.2132  -0.1425
  0.2221  -0.1282
  0.2300  -0.1134
  0.2369  -0.0981
  0.2428  -0.0824
  0.2477  -0.0664
  0.2515  -0.0500
  0.2542  -0.0335
  0.2559  -0.0168
  0.2564  -0.0000
&
@  s2 type xy
@  s2  linestyle 1
@  s2  color   2
  0.2733   0.0000
  0.2728   0.0179
  0.2710   0.0357
  0.2681   0.0533
  0.2640   0.0707
  0.2588   0.0879
  0.2525   0.1046
  0.2452   0.1209
  0.2367   0.1367
  0.2273   0.1519
  0.2169   0.1664
  0.2055   0.1802
  0.1933   0.1933
  0.1802   0.2055
  0.1664   0.2169
  0.1519   0.2273
  0.1367   0.2367
  0.1209   0.2452
  0.1046   0.2525
  0.0879   0.2588
  0.0707   0.2640
  0.0533   0.2681
  0.0357   0.2710
  0.0179   0.2728
  0.0000   0.2733
 -0.0179   0.2728
 -0.0357   0.2710
 -0.0533   0.2681
 -0.0707   0.2640
 -0.0879   0.2588
 -0.1046   0.2525
 -0.1209   0.2452
 -0.1367   0.2367
 -0.1519   0.2273
 -0.1664   0.2169
 -0.1802   0.2055
 -0.1933   0.1933
 -0.2055   0.1802
 -0.2169   0.1664
 -0.2273   0.1519
 -0.2367   0.1367
 -0.2452   0.1209
 -0.2525   0.1046
 -0.2588   0.0879
 -0.2640   0.0707
 -0.2681   0.0533
 -0.2710   0.0357
 -0.2728   0.0179
 -0.2733   0.0000
 -0.2728  -0.0179
 -0.2710  -0.0357
 -0.2681  -0.0533
 -0.2640  -0.0707
 -0.2588  -0.0879
 -0.2525  -0.1046
 -0.2452  -0.1209
 -0.2367  -0.1367
 -0.2273  -0.1519
 -0.2169  -0.1664
 -0.2055  -0.1802
 -0.1933  -0.1933
 -0.1802  -0.2055
 -0.1664  -0.2169
 -0.1519  -0.2273
 -0.1367  -0.2367
 -0.1209  -0.2452
 -0.1046  -0.2525
 -0.0879  -0.2588
 -0.0707  -0.2640
 -0.0533  -0.2681
 -0.0357  -0.2710
 -0.0179  -0.2728
 -0.0000  -0.2733
  0.0179  -0.2728
  0.0357  -0.2710
  0.0533  -0.2681
  0.0707  -0.2640
  0.0879  -0.2588
  0.1046  -0.2525
  0.1209  -0.2452
  0.1367  -0.2367
  0.1519  -0.2273
  0.1664  -0.2169
  0.1802  -0.2055
  0.1933  -0.1933
  0.2055  -0.1802
  0.2169  -0.1664
  0.2273  -0.1519
  0.2367  -0.1367
  0.2452  -0.1209
  0.2525  -0.1046
  0.2588  -0.0879
  0.2640  -0.0707
  0.2681  -0.0533
  0.2710  -0.0357
  0.2728  -0.0179
  0.2733  -0.0000
&
@  s3 type xy
@  s3  linestyle 1
@  s3  color   2
  0.2927   0.0000
  0.2921   0.0191
  0.2902   0.0382
  0.2871   0.0571
  0.2828   0.0758
  0.2772   0.0941
  0.2704   0.1120
  0.2625   0.1295
  0.2535   0.1464
  0.2434   0.1626
  0.2322   0.1782
  0.2201   0.1930
  0.2070   0.2070
  0.1930   0.2201
  0.1782   0.2322
  0.1626   0.2434
  0.1464   0.2535
  0.1295   0.2625
  0.1120   0.2704
  0.0941   0.2772
  0.0758   0.2828
  0.0571   0.2871
  0.0382   0.2902
  0.0191   0.2921
  0.0000   0.2927
 -0.0191   0.2921
 -0.0382   0.2902
 -0.0571   0.2871
 -0.0758   0.2828
 -0.0941   0.2772
 -0.1120   0.2704
 -0.1295   0.2625
 -0.1464   0.2535
 -0.1626   0.2434
 -0.1782   0.2322
 -0.1930   0.2201
 -0.2070   0.2070
 -0.2201   0.1930
 -0.2322   0.1782
 -0.2434   0.1626
 -0.2535   0.1464
 -0.2625   0.1295
 -0.2704   0.1120
 -0.2772   0.0941
 -0.2828   0.0758
 -0.2871   0.0571
 -0.2902   0.0382
 -0.2921   0.0191
 -0.2927   0.0000
 -0.2921  -0.0191
 -0.2902  -0.0382
 -0.2871  -0.0571
 -0.2828  -0.0758
 -0.2772  -0.0941
 -0.2704  -0.1120
 -0.2625  -0.1295
 -0.2535  -0.1464
 -0.2434  -0.1626
 -0.2322  -0.1782
 -0.2201  -0.1930
 -0.2070  -0.2070
 -0.1930  -0.2201
 -0.1782  -0.2322
 -0.1626  -0.2434
 -0.1464  -0.2535
 -0.1295  -0.2625
 -0.1120  -0.2704
 -0.0941  -0.2772
 -0.0758  -0.2828
 -0.0571  -0.2871
 -0.0382  -0.2902
 -0.0191  -0.2921
 -0.0000  -0.2927
  0.0191  -0.2921
  0.0382  -0.2902
  0.0571  -0.2871
  0.0758  -0.2828
  0.0941  -0.2772
  0.1120  -0.2704
  0.1295  -0.2625
  0.1464  -0.2535
  0.1626  -0.2434
  0.1782  -0.2322
  0.1930  -0.2201
  0.2070  -0.2070
  0.2201  -0.1930
  0.2322  -0.1782
  0.2434  -0.1626
  0.2535  -0.1464
  0.2625  -0.1295
  0.2704  -0.1120
  0.2772  -0.0941
  0.2828  -0.0758
  0.2871  -0.0571
  0.2902  -0.0382
  0.2921  -0.0191
  0.2927  -0.0000
&
@  s4 type xy
@  s4  linestyle 1
@  s4  color   2
  0.3852   0.0000
  0.3844   0.0252
  0.3820   0.0503
  0.3778   0.0752
  0.3721   0.0997
  0.3648   0.1238
  0.3559   0.1474
  0.3455   0.1704
  0.3336   0.1926
  0.3203   0.2140
  0.3056   0.2345
  0.2896   0.2540
  0.2724   0.2724
  0.2540   0.2896
  0.2345   0.3056
  0.2140   0.3203
  0.1926   0.3336
  0.1704   0.3455
  0.1474   0.3559
  0.1238   0.3648
  0.0997   0.3721
  0.0752   0.3778
  0.0503   0.3820
  0.0252   0.3844
  0.0000   0.3852
 -0.0252   0.3844
 -0.0503   0.3820
 -0.0752   0.3778
 -0.0997   0.3721
 -0.1238   0.3648
 -0.1474   0.3559
 -0.1704   0.3455
 -0.1926   0.3336
 -0.2140   0.3203
 -0.2345   0.3056
 -0.2540   0.2896
 -0.2724   0.2724
 -0.2896   0.2540
 -0.3056   0.2345
 -0.3203   0.2140
 -0.3336   0.1926
 -0.3455   0.1704
 -0.3559   0.1474
 -0.3648   0.1238
 -0.3721   0.0997
 -0.3778   0.0752
 -0.3820   0.0503
 -0.3844   0.0252
 -0.3852   0.0000
 -0.3844  -0.0252
 -0.3820  -0.0503
 -0.3778  -0.0752
 -0.3721  -0.0997
 -0.3648  -0.1238
 -0.3559  -0.1474
 -0.3455  -0.1704
 -0.3336  -0.1926
 -0.3203  -0.2140
 -0.3056  -0.2345
 -0.2896  -0.2540
 -0.2724  -0.2724
 -0.2540  -0.2896
 -0.2345  -0.3056
 -0.2140  -0.3203
 -0.1926  -0.3336
 -0.1704  -0.3455
 -0.1474  -0.3559
 -0.1238  -0.3648
 -0.0997  -0.3721
 -0.0752  -0.3778
 -0.0503  -0.3820
 -0.0252  -0.3844
 -0.0000  -0.3852
  0.0252  -0.3844
  0.0503  -0.3820
  0.0752  -0.3778
  0.0997  -0.3721
  0.1238  -0.3648
  0.1474  -0.3559
  0.1704  -0.3455
  0.1926  -0.3336
  0.2140  -0.3203
  0.2345  -0.3056
  0.2540  -0.2896
  0.2724  -0.2724
  0.2896  -0.2540
  0.3056  -0.2345
  0.3203  -0.2140
  0.3336  -0.1926
  0.3455  -0.1704
  0.3559  -0.1474
  0.3648  -0.1238
  0.3721  -0.0997
  0.3778  -0.0752
  0.3820  -0.0503
  0.3844  -0.0252
  0.3852  -0.0000
&
@  s5 type xy
@  s5  linestyle 1
@  s5  color   2
  0.4676   0.0000
  0.4666   0.0306
  0.4636   0.0610
  0.4586   0.0912
  0.4517   0.1210
  0.4428   0.1503
  0.4320   0.1789
  0.4194   0.2068
  0.4050   0.2338
  0.3888   0.2598
  0.3710   0.2847
  0.3516   0.3083
  0.3306   0.3306
  0.3083   0.3516
  0.2847   0.3710
  0.2598   0.3888
  0.2338   0.4050
  0.2068   0.4194
  0.1789   0.4320
  0.1503   0.4428
  0.1210   0.4517
  0.0912   0.4586
  0.0610   0.4636
  0.0306   0.4666
  0.0000   0.4676
 -0.0306   0.4666
 -0.0610   0.4636
 -0.0912   0.4586
 -0.1210   0.4517
 -0.1503   0.4428
 -0.1789   0.4320
 -0.2068   0.4194
 -0.2338   0.4050
 -0.2598   0.3888
 -0.2847   0.3710
 -0.3083   0.3516
 -0.3306   0.3306
 -0.3516   0.3083
 -0.3710   0.2847
 -0.3888   0.2598
 -0.4050   0.2338
 -0.4194   0.2068
 -0.4320   0.1789
 -0.4428   0.1503
 -0.4517   0.1210
 -0.4586   0.0912
 -0.4636   0.0610
 -0.4666   0.0306
 -0.4676   0.0000
 -0.4666  -0.0306
 -0.4636  -0.0610
 -0.4586  -0.0912
 -0.4517  -0.1210
 -0.4428  -0.1503
 -0.4320  -0.1789
 -0.4194  -0.2068
 -0.4050  -0.2338
 -0.3888  -0.2598
 -0.3710  -0.2847
 -0.3516  -0.3083
 -0.3306  -0.3306
 -0.3083  -0.3516
 -0.2847  -0.3710
 -0.2598  -0.3888
 -0.2338  -0.4050
 -0.2068  -0.4194
 -0.1789  -0.4320
 -0.1503  -0.4428
 -0.1210  -0.4517
 -0.0912  -0.4586
 -0.0610  -0.4636
 -0.0306  -0.4666
 -0.0000  -0.4676
  0.0306  -0.4666
  0.0610  -0.4636
  0.0912  -0.4586
  0.1210  -0.4517
  0.1503  -0.4428
  0.1789  -0.4320
  0.2068  -0.4194
  0.2338  -0.4050
  0.2598  -0.3888
  0.2847  -0.3710
  0.3083  -0.3516
  0.3306  -0.3306
  0.3516  -0.3083
  0.3710  -0.2847
  0.3888  -0.2598
  0.4050  -0.2338
  0.4194  -0.2068
  0.4320  -0.1789
  0.4428  -0.1503
  0.4517  -0.1210
  0.4586  -0.0912
  0.4636  -0.0610
  0.4666  -0.0306
  0.4676  -0.0000
&
@  s6 type xy
@  s6  linestyle 1
@  s6  color   2
  0.5127   0.0000
  0.5116   0.0335
  0.5083   0.0669
  0.5029   0.1000
  0.4953   0.1327
  0.4855   0.1648
  0.4737   0.1962
  0.4599   0.2268
  0.4440   0.2564
  0.4263   0.2849
  0.4068   0.3121
  0.3855   0.3381
  0.3626   0.3626
  0.3381   0.3855
  0.3121   0.4068
  0.2849   0.4263
  0.2564   0.4440
  0.2268   0.4599
  0.1962   0.4737
  0.1648   0.4855
  0.1327   0.4953
  0.1000   0.5029
  0.0669   0.5083
  0.0335   0.5116
  0.0000   0.5127
 -0.0335   0.5116
 -0.0669   0.5083
 -0.1000   0.5029
 -0.1327   0.4953
 -0.1648   0.4855
 -0.1962   0.4737
 -0.2268   0.4599
 -0.2564   0.4440
 -0.2849   0.4263
 -0.3121   0.4068
 -0.3381   0.3855
 -0.3626   0.3626
 -0.3855   0.3381
 -0.4068   0.3121
 -0.4263   0.2849
 -0.4440   0.2564
 -0.4599   0.2268
 -0.4737   0.1962
 -0.4855   0.1648
 -0.4953   0.1327
 -0.5029   0.1000
 -0.5083   0.0669
 -0.5116   0.0335
 -0.5127   0.0000
 -0.5116  -0.0335
 -0.5083  -0.0669
 -0.5029  -0.1000
 -0.4953  -0.1327
 -0.4855  -0.1648
 -0.4737  -0.1962
 -0.4599  -0.2268
 -0.4440  -0.2564
 -0.4263  -0.2849
 -0.4068  -0.3121
 -0.3855  -0.3381
 -0.3626  -0.3626
 -0.3381  -0.3855
 -0.3121  -0.4068
 -0.2849  -0.4263
 -0.2564  -0.4440
 -0.2268  -0.4599
 -0.1962  -0.4737
 -0.1648  -0.4855
 -0.1327  -0.4953
 -0.1000  -0.5029
 -0.0669  -0.5083
 -0.0335  -0.5116
 -0.0000  -0.5127
  0.0335  -0.5116
  0.0669  -0.5083
  0.1000  -0.5029
  0.1327  -0.4953
  0.1648  -0.4855
  0.1962  -0.4737
  0.2268  -0.4599
  0.2564  -0.4440
  0.2849  -0.4263
  0.3121  -0.4068
  0.3381  -0.3855
  0.3626  -0.3626
  0.3855  -0.3381
  0.4068  -0.3121
  0.4263  -0.2849
  0.4440  -0.2564
  0.4599  -0.2268
  0.4737  -0.1962
  0.4855  -0.1648
  0.4953  -0.1327
  0.5029  -0.1000
  0.5083  -0.0669
  0.5116  -0.0335
  0.5127  -0.0000
&
@  s7 type xy
@  s7  linestyle 1
@  s7  color   2
  0.5542   0.0000
  0.5530   0.0362
  0.5495   0.0723
  0.5435   0.1081
  0.5353   0.1434
  0.5248   0.1781
  0.5120   0.2121
  0.4970   0.2451
  0.4799   0.2771
  0.4608   0.3079
  0.4397   0.3374
  0.4167   0.3654
  0.3919   0.3919
  0.3654   0.4167
  0.3374   0.4397
  0.3079   0.4608
  0.2771   0.4799
  0.2451   0.4970
  0.2121   0.5120
  0.1781   0.5248
  0.1434   0.5353
  0.1081   0.5435
  0.0723   0.5495
  0.0362   0.5530
  0.0000   0.5542
 -0.0362   0.5530
 -0.0723   0.5495
 -0.1081   0.5435
 -0.1434   0.5353
 -0.1781   0.5248
 -0.2121   0.5120
 -0.2451   0.4970
 -0.2771   0.4799
 -0.3079   0.4608
 -0.3374   0.4397
 -0.3654   0.4167
 -0.3919   0.3919
 -0.4167   0.3654
 -0.4397   0.3374
 -0.4608   0.3079
 -0.4799   0.2771
 -0.4970   0.2451
 -0.5120   0.2121
 -0.5248   0.1781
 -0.5353   0.1434
 -0.5435   0.1081
 -0.5495   0.0723
 -0.5530   0.0362
 -0.5542   0.0000
 -0.5530  -0.0362
 -0.5495  -0.0723
 -0.5435  -0.1081
 -0.5353  -0.1434
 -0.5248  -0.1781
 -0.5120  -0.2121
 -0.4970  -0.2451
 -0.4799  -0.2771
 -0.4608  -0.3079
 -0.4397  -0.3374
 -0.4167  -0.3654
 -0.3919  -0.3919
 -0.3654  -0.4167
 -0.3374  -0.4397
 -0.3079  -0.4608
 -0.2771  -0.4799
 -0.2451  -0.4970
 -0.2121  -0.5120
 -0.1781  -0.5248
 -0.1434  -0.5353
 -0.1081  -0.5435
 -0.0723  -0.5495
 -0.0362  -0.5530
 -0.0000  -0.5542
  0.0362  -0.5530
  0.0723  -0.5495
  0.1081  -0.5435
  0.1434  -0.5353
  0.1781  -0.5248
  0.2121  -0.5120
  0.2451  -0.4970
  0.2771  -0.4799
  0.3079  -0.4608
  0.3374  -0.4397
  0.3654  -0.4167
  0.3919  -0.3919
  0.4167  -0.3654
  0.4397  -0.3374
  0.4608  -0.3079
  0.4799  -0.2771
  0.4970  -0.2451
  0.5120  -0.2121
  0.5248  -0.1781
  0.5353  -0.1434
  0.5435  -0.1081
  0.5495  -0.0723
  0.5530  -0.0362
  0.5542  -0.0000
&
@  s8 type xy
@  s8  linestyle 1
@  s8  color   2
  0.5648   0.0000
  0.5636   0.0369
  0.5599   0.0737
  0.5539   0.1102
  0.5455   0.1462
  0.5348   0.1815
  0.5218   0.2161
  0.5065   0.2498
  0.4891   0.2824
  0.4696   0.3138
  0.4481   0.3438
  0.4246   0.3724
  0.3994   0.3994
  0.3724   0.4246
  0.3438   0.4481
  0.3138   0.4696
  0.2824   0.4891
  0.2498   0.5065
  0.2161   0.5218
  0.1815   0.5348
  0.1462   0.5455
  0.1102   0.5539
  0.0737   0.5599
  0.0369   0.5636
  0.0000   0.5648
 -0.0369   0.5636
 -0.0737   0.5599
 -0.1102   0.5539
 -0.1462   0.5455
 -0.1815   0.5348
 -0.2161   0.5218
 -0.2498   0.5065
 -0.2824   0.4891
 -0.3138   0.4696
 -0.3438   0.4481
 -0.3724   0.4246
 -0.3994   0.3994
 -0.4246   0.3724
 -0.4481   0.3438
 -0.4696   0.3138
 -0.4891   0.2824
 -0.5065   0.2498
 -0.5218   0.2161
 -0.5348   0.1815
 -0.5455   0.1462
 -0.5539   0.1102
 -0.5599   0.0737
 -0.5636   0.0369
 -0.5648   0.0000
 -0.5636  -0.0369
 -0.5599  -0.0737
 -0.5539  -0.1102
 -0.5455  -0.1462
 -0.5348  -0.1815
 -0.5218  -0.2161
 -0.5065  -0.2498
 -0.4891  -0.2824
 -0.4696  -0.3138
 -0.4481  -0.3438
 -0.4246  -0.3724
 -0.3994  -0.3994
 -0.3724  -0.4246
 -0.3438  -0.4481
 -0.3138  -0.4696
 -0.2824  -0.4891
 -0.2498  -0.5065
 -0.2161  -0.5218
 -0.1815  -0.5348
 -0.1462  -0.5455
 -0.1102  -0.5539
 -0.0737  -0.5599
 -0.0369  -0.5636
 -0.0000  -0.5648
  0.0369  -0.5636
  0.0737  -0.5599
  0.1102  -0.5539
  0.1462  -0.5455
  0.1815  -0.5348
  0.2161  -0.5218
  0.2498  -0.5065
  0.2824  -0.4891
  0.3138  -0.4696
  0.3438  -0.4481
  0.3724  -0.4246
  0.3994  -0.3994
  0.4246  -0.3724
  0.4481  -0.3438
  0.4696  -0.3138
  0.4891  -0.2824
  0.5065  -0.2498
  0.5218  -0.2161
  0.5348  -0.1815
  0.5455  -0.1462
  0.5539  -0.1102
  0.5599  -0.0737
  0.5636  -0.0369
  0.5648  -0.0000
&
@  s9 type xy
@  s9  linestyle 1
@  s9  color   2
  0.5758   0.0000
  0.5746   0.0377
  0.5709   0.0752
  0.5648   0.1123
  0.5562   0.1490
  0.5453   0.1851
  0.5320   0.2204
  0.5165   0.2547
  0.4987   0.2879
  0.4788   0.3199
  0.4568   0.3505
  0.4329   0.3797
  0.4072   0.4072
  0.3797   0.4329
  0.3505   0.4568
  0.3199   0.4788
  0.2879   0.4987
  0.2547   0.5165
  0.2204   0.5320
  0.1851   0.5453
  0.1490   0.5562
  0.1123   0.5648
  0.0752   0.5709
  0.0377   0.5746
  0.0000   0.5758
 -0.0377   0.5746
 -0.0752   0.5709
 -0.1123   0.5648
 -0.1490   0.5562
 -0.1851   0.5453
 -0.2204   0.5320
 -0.2547   0.5165
 -0.2879   0.4987
 -0.3199   0.4788
 -0.3505   0.4568
 -0.3797   0.4329
 -0.4072   0.4072
 -0.4329   0.3797
 -0.4568   0.3505
 -0.4788   0.3199
 -0.4987   0.2879
 -0.5165   0.2547
 -0.5320   0.2204
 -0.5453   0.1851
 -0.5562   0.1490
 -0.5648   0.1123
 -0.5709   0.0752
 -0.5746   0.0377
 -0.5758   0.0000
 -0.5746  -0.0377
 -0.5709  -0.0752
 -0.5648  -0.1123
 -0.5562  -0.1490
 -0.5453  -0.1851
 -0.5320  -0.2204
 -0.5165  -0.2547
 -0.4987  -0.2879
 -0.4788  -0.3199
 -0.4568  -0.3505
 -0.4329  -0.3797
 -0.4072  -0.4072
 -0.3797  -0.4329
 -0.3505  -0.4568
 -0.3199  -0.4788
 -0.2879  -0.4987
 -0.2547  -0.5165
 -0.2204  -0.5320
 -0.1851  -0.5453
 -0.1490  -0.5562
 -0.1123  -0.5648
 -0.0752  -0.5709
 -0.0377  -0.5746
 -0.0000  -0.5758
  0.0377  -0.5746
  0.0752  -0.5709
  0.1123  -0.5648
  0.1490  -0.5562
  0.1851  -0.5453
  0.2204  -0.5320
  0.2547  -0.5165
  0.2879  -0.4987
  0.3199  -0.4788
  0.3505  -0.4568
  0.3797  -0.4329
  0.4072  -0.4072
  0.4329  -0.3797
  0.4568  -0.3505
  0.4788  -0.3199
  0.4987  -0.2879
  0.5165  -0.2547
  0.5320  -0.2204
  0.5453  -0.1851
  0.5562  -0.1490
  0.5648  -0.1123
  0.5709  -0.0752
  0.5746  -0.0377
  0.5758  -0.0000
&
@  s10 type xy
@  s10  linestyle 1
@  s10  color   2
  0.6463   0.0000
  0.6449   0.0423
  0.6408   0.0844
  0.6339   0.1261
  0.6243   0.1673
  0.6120   0.2078
  0.5971   0.2473
  0.5797   0.2859
  0.5597   0.3232
  0.5374   0.3591
  0.5128   0.3935
  0.4859   0.4262
  0.4570   0.4570
  0.4262   0.4859
  0.3935   0.5128
  0.3591   0.5374
  0.3232   0.5597
  0.2859   0.5797
  0.2473   0.5971
  0.2078   0.6120
  0.1673   0.6243
  0.1261   0.6339
  0.0844   0.6408
  0.0423   0.6449
  0.0000   0.6463
 -0.0423   0.6449
 -0.0844   0.6408
 -0.1261   0.6339
 -0.1673   0.6243
 -0.2078   0.6120
 -0.2473   0.5971
 -0.2859   0.5797
 -0.3232   0.5597
 -0.3591   0.5374
 -0.3935   0.5128
 -0.4262   0.4859
 -0.4570   0.4570
 -0.4859   0.4262
 -0.5128   0.3935
 -0.5374   0.3591
 -0.5597   0.3232
 -0.5797   0.2859
 -0.5971   0.2473
 -0.6120   0.2078
 -0.6243   0.1673
 -0.6339   0.1261
 -0.6408   0.0844
 -0.6449   0.0423
 -0.6463   0.0000
 -0.6449  -0.0423
 -0.6408  -0.0844
 -0.6339  -0.1261
 -0.6243  -0.1673
 -0.6120  -0.2078
 -0.5971  -0.2473
 -0.5797  -0.2859
 -0.5597  -0.3232
 -0.5374  -0.3591
 -0.5128  -0.3935
 -0.4859  -0.4262
 -0.4570  -0.4570
 -0.4262  -0.4859
 -0.3935  -0.5128
 -0.3591  -0.5374
 -0.3232  -0.5597
 -0.2859  -0.5797
 -0.2473  -0.5971
 -0.2078  -0.6120
 -0.1673  -0.6243
 -0.1261  -0.6339
 -0.0844  -0.6408
 -0.0423  -0.6449
 -0.0000  -0.6463
  0.0423  -0.6449
  0.0844  -0.6408
  0.1261  -0.6339
  0.1673  -0.6243
  0.2078  -0.6120
  0.2473  -0.5971
  0.2859  -0.5797
  0.3232  -0.5597
  0.3591  -0.5374
  0.3935  -0.5128
  0.4262  -0.4859
  0.4570  -0.4570
  0.4859  -0.4262
  0.5128  -0.3935
  0.5374  -0.3591
  0.5597  -0.3232
  0.5797  -0.2859
  0.5971  -0.2473
  0.6120  -0.2078
  0.6243  -0.1673
  0.6339  -0.1261
  0.6408  -0.0844
  0.6449  -0.0423
  0.6463  -0.0000
&
@  s11 type xy
@  s11  linestyle 1
@  s11  color   1
 -0.8794   0.0000
  0.8794   0.0000
&
@  s12 type xy
@  s12  linestyle 1
@  s12  color   1
  0.0000  -0.8794
  0.0000   0.8794
&
@  s13 type xy
@  s13  symbol size   -0.2500
@  s13  symbol fill  1
@  s13  symbol 2
@  s13  symbol color   1
@  s13  linestyle 0
@  s13  color   1
    0.2883     0.2689
    0.3051     0.3115
    0.4570     0.6252
   -0.7700    -0.3123
   -0.4508     0.3033
    0.4574     0.5197
    0.3052     0.7880
   -0.7513     0.2840
    0.4401     0.5201
    0.2875     0.6490
   -0.7700    -0.3188
    0.2880     0.7873
   -0.6544     0.5280
    0.4401     0.6277
    0.2875     0.6316
   -0.6398     0.1751
   -0.2998     0.3607
    0.7619     0.4009
    0.2877     0.6534
   -0.7516    -0.3513
   -0.7807     0.1759
   -0.3004     0.3483
    0.4572     0.5307
   -0.6711    -0.1766
   -0.8348     0.1752
   -0.3002     0.3685
    0.2881     0.6595
   -0.7172    -0.1858
   -0.7686    -0.2031
    0.1569    -0.1788
   -0.7701     0.0928
   -0.4512     0.2950
   -0.8619     0.1657
    0.4397     0.6420
    0.3051     0.6648
   -0.7404    -0.1859
    0.6383     0.1759
   -0.7687     0.0787
    0.3394    -0.2289
    0.2888     0.6672
    0.2876     0.8061
    0.4564     0.6342
    0.6727    -0.1771
    0.7263     0.1673
    0.4399     0.7468
   -0.6382     0.1655
   -0.7524     0.1593
    0.6320    -0.1875
    0.7258     0.1660
    0.7754     0.1770
   -0.6833     0.1751
   -0.4672    -0.2921
    0.7616     0.2715
   -0.8329     0.1658
   -0.7523     0.2848
   -0.7696     0.3510
    0.4400    -0.2838
   -0.4514    -0.2770
   -0.7509     0.1584
    0.2875    -0.2832
   -0.4674    -0.2885
    0.7611     0.2668
    0.3046    -0.3440
    0.4403    -0.2802
   -0.6829     0.1750
   -0.8308     0.1652
    0.7609     0.2635
   -0.4683     0.6652
    0.7615     0.2617
    0.3046    -0.3126
    0.2881    -0.3029
   -0.6001    -0.6365
    0.3040    -0.3125
   -0.3007     0.7070
    0.3057    -0.7780
   -0.5970    -0.6359
    0.4579    -0.7380
    0.4579    -0.6664
    0.4575    -0.6681
&
