The ROGUES file contains all rejected reflections 
Rej = '*', '@' for I+- rejects, '#' for Emax rejects, 'x' for accepted flagged observation
TotFrc = total fraction, fulls (f) or partials (p), Bijv I+ or I- for Bijvoet classes
DelI/sd = (Ihl - Mn(I)others)/sqrt[sd(Ihl)**2 + sd(Mn(I))**2]

Flagged observations kept are labelled as: B BGratio; P PKratio; N TooNeg; G BGgradient; O Overload; E Edge
Deviant reflections with two measurements are always listed. Policy for deviant reflections measured twice: KEEP

   h   k   l     h   k   l  Batch      I  sigI    E  TotFrc Bijv  Scale DelI/sd d(A)   Xdet   Ydet    Phi   LP   Rej Flag
   (measured)     (unique)

  -2 -20 -22     2  20  22   100    1301    86  0.81   1.0p   I-  1.040    6.9  2.62  851.3  848.0  273.0 0.2695 *        
 -20  22   2     2  20  22   322     495    80  0.50   1.0p   I-  1.229   -0.2  2.62 1285.5 1775.6  295.1 0.3676          
 -20  22  -2     2  20  22   324     520    81  0.51   1.0p   I+  1.227    0.2  2.62 1210.1 1774.5  295.4 0.3671          
              Weighted mean, sd      507    57  I+       520    81  I-       495    80

  -2 -23 -23     2  23  23   115    1655   106  1.07   1.0p   I-  1.033    6.7  2.39  827.9  788.5  274.4 0.3098 *        
  -2 -23  23     2  23  23   137     811   106  0.75   1.0p   I+  1.050   -0.3  2.39 1708.1  813.7  276.7 0.2938          
   2 -23 -23     2  23  23   212    1077   103  0.86   1.0p   I+  1.043    2.4  2.39  826.9  789.6  284.2 0.3092          
   2 -23  23     2  23  23   239     843   109  0.76   1.0p   I-  1.069    0.0  2.39 1707.0  812.7  286.9 0.2945          
 -23  23   2     2  23  23   339     748    98  0.72   1.0p   I-  1.230   -1.0  2.39 1286.2 1834.2  296.9 0.4009          
 -23  23  -2     2  23  23   341     748    99  0.72   1.0p   I+  1.227   -1.0  2.39 1209.6 1833.2  297.0 0.4005          
              Weighted mean, sd      842    46  I+       876    59  I-       790    73

  -2 -42  30     2  42  30   225     109    63  1.03   1.0p   I+  1.067    0.5  1.51 1948.2  386.8  285.5 0.5575          
   2 -42 -30     2  42  30   259     719    79  2.66   1.0p   I+  1.084    7.2  1.51  616.1  350.7  288.9 0.5704 *        
   2 -42  30     2  42  30   281      89    53  0.93   1.0p   I-  1.114    0.2  1.51 1947.0  386.0  291.0 0.5578          
 -42  30   2     2  42  30   363      65    59  0.80   1.0p   I-  1.290   -0.3  1.51 1292.3 2308.4  299.3 0.6180          
 -42  30  -2     2  42  30   364      60    60  0.77   1.0p   I+  1.289   -0.4  1.51 1203.6 2307.5  299.4 0.6179          
              Weighted mean, sd       80    29  I+        83    44  I-        78    39

  -2 -47 -27     2  47  27   207     142   102  1.39   1.0p   I-  1.079    0.2  1.44  670.7  220.5  283.6 0.6195          
   2 -47 -27     2  47  27   255     117    91  1.26   1.0p   I+  1.114   -0.0  1.44  669.6  221.2  288.4 0.6194          
 -27   2  47     2  47  27   397    1259    92  4.15   1.0p   I-  1.090    9.6  1.44 2337.0 1663.4  302.7 0.3659 *        
 -47  27   2     2  47  27   410     111   109  1.23   1.0p   I-  1.344   -0.1  1.44 1296.8 2387.4  303.9 0.6456          
 -47  27  -2     2  47  27   411     105   111  1.20   1.0p   I+  1.346   -0.1  1.44 1205.6 2386.7  304.0 0.6455          
              Weighted mean, sd      119    51  I+       112    71  I-       127    75

  -3 -24 -31     3  24  31   157    2853   172  2.12   1.0p   I-  0.993    1.5  1.98  651.3  763.0  278.7 0.3380          
   3 -24 -31     3  24  31   296    2888   176  2.14   1.0p   I+  1.044    1.7  1.98  649.8  765.1  292.5 0.3368          
   3 -24  31     3  24  31   337    4378   186  2.63   1.0p   I-  1.072    8.3  1.98 1887.2  798.4  296.6 0.3153 *        
 -24  31   3     3  24  31   242    2272   174  1.89   1.0p   I-  1.214   -2.2  1.98 1303.4 1983.9  287.1 0.4796          
 -24  31  -3     3  24  31   244    2460   175  1.97   1.0p   I+  1.212   -1.0  1.98 1183.6 1981.8  287.3 0.4790          
              Weighted mean, sd     2619    87  I+      2673   124  I-      2566   122

  -3 -36  31     3  36  31   204      87    59  0.72   1.0p   I+  1.040    0.3  1.64 1939.7  534.7  283.3 0.4813          
   3 -36 -31     3  36  31   274     572    55  1.84   1.0p   I+  1.068    6.8  1.64  615.5  498.1  290.4 0.4983 *        
   3 -36  31     3  36  31   301      95    69  0.75   1.0p   I-  1.102    0.3  1.64 1938.0  533.1  293.0 0.4820          
 -36  31   3     3  36  31   326      44    61  0.51   1.0p   I-  1.296   -0.5  1.64 1310.0 2192.6  295.5 0.5735          
 -36  31  -3     3  36  31   328      65    63  0.62   1.0p   I+  1.294   -0.1  1.64 1182.0 2191.0  295.7 0.5733          
              Weighted mean, sd       72    31  I+        77    43  I-        66    46

  -3 -51  20     3  51  20   196      16    68  0.50   1.0p   I+  1.119    0.2  1.42 1748.1  146.1  282.6 0.6372          
   3 -51 -20     3  51  20   253     434    66  2.55   1.0p   I+  1.160    6.2  1.42  827.8  122.4  288.2 0.6417 *        
   3 -51  20     3  51  20   264      -3    74 -0.21   1.0p   I-  1.177   -0.1  1.42 1746.3  145.4  289.4 0.6373          
 -20  -3 -51     3  51  20   397      15    34  0.47   1.0p   I-  1.051    0.3  1.42   96.6 1442.4  302.7 0.1967          
 -20  -3  51     3  51  20   190      -6    24 -0.29   1.0p   I+  0.927   -0.4  1.42 2438.7 1328.4  281.9 0.0947          
 -20   3  51     3  51  20    58      10    31  0.38   1.0p   I-  0.866    0.2  1.42 2435.3 1364.0  268.7 0.1266          
 -20   3 -51     3  51  20   210      -1    29 -0.10   1.0p   I+  0.916   -0.1  1.42   92.6 1421.2  283.9 0.1784          
              Weighted mean, sd        3    14  I+        -2    18  I-        11    22

  -4 -26 -46     4  26  46   307     353    69  2.02   1.0p   I-  1.008    1.8  1.47  241.3  745.7  293.7 0.3900          
  -4 -26  46     4  26  46   378    1015    90  3.43   1.0p   I+  1.032    7.6  1.47 2310.6  825.0  300.8 0.3333 *        
 -26  46   4     4  26  46   108     188    62  1.47   1.0p   I-  1.165   -0.9  1.47 1323.7 2347.8  273.7 0.6321          
 -26  46  -4     4  26  46   109     194    63  1.50   1.0p   I+  1.160   -0.8  1.47 1143.7 2343.7  273.9 0.6316          
              Weighted mean, sd      238    37  I+       194    63  I-       262    46

  -4 -36  30     4  36  30   181      99    63  0.74   1.0p   I+  1.039   -1.3  1.66 1915.1  532.4  281.0 0.4799          
   4 -36 -30     4  36  30   284     758    64  2.05   1.0p   I+  1.079    6.9  1.66  639.6  497.4  291.4 0.4961 *        
   4 -36  30     4  36  30   310     515    84  1.69   1.0p   I-  1.112    4.1  1.66 1912.9  530.4  293.9 0.4808          
 -36  30   4     4  36  30   337      74    67  0.64   1.0p   I-  1.288   -1.6  1.66 1331.5 2175.8  296.6 0.5668          
 -36  30  -4     4  36  30   339     123    78  0.83   1.0p   I+  1.285   -0.7  1.66 1161.8 2173.7  296.9 0.5665          
              Weighted mean, sd      172    36  I+       109    49  I-       245    52

  -4 -44 -20     4  44  20   146     719    75  2.18   1.0p   I-  1.075    8.7  1.61  852.5  316.4  277.5 0.5634 *        
  -4 -44  20     4  44  20   157       1    68  0.09   1.0p   I+  1.086    0.1  1.61 1712.9  340.0  278.6 0.5560          
   4 -44  20     4  44  20   262      26    78  0.41   1.0p   I-  1.149    0.4  1.61 1710.6  339.0  289.1 0.5564          
 -20   4  44     4  44  20   287       9    35  0.25   1.0p   I-  1.016    0.4  1.61 2207.3 1520.1  291.6 0.2448          
 -20   4 -44     4  44  20   379     -31    40 -0.45   1.0p   I+  1.026   -0.7  1.61  314.8 1537.7  300.9 0.2597          
              Weighted mean, sd       -4    24  I+       -23    35  I-        12    32

  -4 -47 -27     4  47  27   183     248   115  1.86   1.0p   I-  1.069   -1.0  1.43  670.6  216.4  281.3 0.6211          
   4 -47 -27     4  47  27   279     230   105  1.79   1.0p   I+  1.137   -1.3  1.43  668.3  217.9  290.9 0.6208          
 -27   4  47     4  47  27   360    1379   102  4.38   1.0p   I-  1.057    8.5  1.43 2337.1 1672.5  298.9 0.3726 *        
 -27   4 -47     4  47  27   434     693    85  3.11   1.0p   I+  1.115    4.2  1.43  191.4 1694.4  306.3 0.3899          
 -47  27   4     4  47  27   408     180   119  1.58   1.0p   I-  1.342   -1.6  1.43 1342.5 2388.5  303.8 0.6464          
 -47  27  -4     4  47  27   411     224   124  1.77   1.0p   I+  1.344   -1.1  1.43 1159.9 2387.2  304.0 0.6464          
              Weighted mean, sd      370    48  I+       447    58  I-       215    83

  -4 -51 -19     4  51  19   172     261    89  1.94   1.0p   I-  1.107    2.0  1.43  854.1  122.2  280.2 0.6397          
  -4 -51  19     4  51  19   182     123    66  1.33   1.0p   I+  1.115    0.6  1.43 1723.9  145.6  281.2 0.6353          
   4 -51 -19     4  51  19   262     644    82  3.04   1.0p   I+  1.174    6.4  1.43  851.8  123.2  289.1 0.6396 *        
   4 -51  19     4  51  19   272      60    81  0.93   1.0p   I-  1.190   -0.3  1.43 1721.4  144.7  290.2 0.6355          
 -19  -4 -51     4  51  19   401      52    43  0.86   1.0p   I-  1.052   -0.8  1.43  100.7 1412.2  303.0 0.1700          
 -19   4 -51     4  51  19   133      66    36  0.98   1.0p   I+  0.872   -0.6  1.43   95.5 1379.0  276.3 0.1407          
              Weighted mean, sd       82    23  I+        80    32  I-        85    35

  -5 -38 -39     5  38  39   211      73    59  1.03   1.0p   I-  1.001    0.2  1.43  389.5  430.6  284.1 0.5607          
   5 -38 -39     5  38  39   358      79    75  1.07   1.0p   I+  1.068    0.2  1.43  386.8  433.9  298.7 0.5595          
   5 -38  39     5  38  39   394     765   100  3.34   1.0p   I-  1.109    6.6  1.43 2173.9  482.3  302.4 0.5379 *        
 -38  39   5     5  38  39   248      50    46  0.85   1.0p   I-  1.262   -0.4  1.43 1355.5 2398.4  287.8 0.6498          
 -38  39  -5     5  38  39   251      68    57  1.00   1.0p   I+  1.261    0.1  1.43 1126.4 2394.7  288.0 0.6495          
              Weighted mean, sd       64    28  I+        72    45  I-        59    36

  -5 -42 -29     5  42  29   161     589   110  2.33   1.0p   I-  1.038    1.9  1.52  642.5  344.9  279.0 0.5700          
  -5 -42  29     5  42  29   178     355    80  1.81   1.0p   I+  1.053   -0.4  1.52 1924.3  381.6  280.8 0.5573          
   5 -42 -29     5  42  29   295    1059    98  3.13   1.0p   I+  1.117    6.2  1.52  639.7  347.1  292.4 0.5694 *        
   5 -42  29     5  42  29   316     377   105  1.87   1.0p   I-  1.145   -0.1  1.52 1921.3  379.5  294.6 0.5580          
 -29   5  42     5  42  29   441     539    98  2.23   1.0p   I-  1.119    1.6  1.52 2190.9 1756.7  307.0 0.4148          
 -42  29   5     5  42  29   372     299    80  1.66   1.0p   I-  1.283   -1.2  1.52 1359.1 2293.3  300.1 0.6132          
 -42  29  -5     5  42  29   375     291    84  1.64   1.0p   I+  1.283   -1.2  1.52 1138.2 2291.2  300.5 0.6130          
              Weighted mean, sd      386    37  I+       324    58  I-       428    48

  -5 -43 -20     5  43  20   129     283   101  1.30   1.0p   I-  1.066   -0.3  1.63  855.2  339.6  275.8 0.5530          
  -5 -43  20     5  43  20   139     264    78  1.25   1.0p   I+  1.075   -0.6  1.63 1709.2  363.2  276.9 0.5453          
   5 -43 -20     5  43  20   260     934    89  2.36   1.0p   I+  1.136    6.3  1.63  852.5  341.0  289.0 0.5527 *        
   5 -43  20     5  43  20   273     258    75  1.24   1.0p   I-  1.157   -0.8  1.63 1706.4  361.9  290.3 0.5457          
 -20   5  43     5  43  20   288     342    66  1.43   1.0p   I-  1.021    0.5  1.63 2178.1 1537.4  291.8 0.2561          
 -20   5 -43     5  43  20   374     374    68  1.49   1.0p   I+  1.025    1.0  1.63  342.4 1549.9  300.3 0.2670          
              Weighted mean, sd      312    34  I+       327    51  I-       301    44

  -6 -18 -42     6  18  42   230      -8    41 -0.19   1.0p   I-  0.948   -0.4  1.69  385.7  903.8  286.0 0.2595          
  -6 -18  42     6  18  42   316     454    43  1.50   1.0p   I+  1.025    7.4  1.69 2153.5  978.2  294.6 0.2020 *        
  18 -42  -6     6  18  42   407       8    96  0.20   1.0p   I+  1.264    0.0  1.69 1148.2  301.9  303.7 0.5555          
 -18  42   6     6  18  42    70      -4    49 -0.14   1.0p   I-  1.144   -0.2  1.69 1361.7 2147.8  269.9 0.5555          
 -18  42  -6     6  18  42    72      24    47  0.34   1.0p   I+  1.135    0.3  1.69 1109.1 2141.7  270.2 0.5541          
  18 -42   6     6  18  42   411      66   110  0.57   1.0p   I-  1.275    0.5  1.69 1400.7  306.4  304.1 0.5541          
              Weighted mean, sd        7    24  I+        21    42  I-        -1    30

  -6 -27 -21     6  27  21    35    1330   125  1.06   1.0p   I-  1.042   -0.1  2.24  864.0  697.0  266.4 0.3650          
   6 -27 -21     6  27  21   281    1387   128  1.08   1.0p   I+  1.095    0.4  2.24  861.4  699.1  291.1 0.3640          
   6 -27  21     6  27  21   303    2549   145  1.47   1.0p   I-  1.123    7.5  2.24 1675.0  718.3  293.3 0.3529 *        
 -27  21   6     6  27  21   399    1291   123  1.04   1.0p   I-  1.226   -0.4  2.24 1366.2 1871.8  302.8 0.4225          
 -27  21  -6     6  27  21   404    1356   126  1.07   1.0p   I+  1.230    0.1  2.24 1133.7 1869.6  303.4 0.4217          
              Weighted mean, sd     1340    63  I+      1371    90  I-      1310    88

  -6 -29 -47     6  29  47   271     459    57  2.73   1.0p   I-  0.991    6.8  1.40  191.7  665.0  290.0 0.4516 *        
  -6 -29  47     6  29  47   331     -16    52 -0.51   1.0p   I+  1.049   -0.1  1.40 2367.1  747.2  296.0 0.3969          
 -29  47   6     6  29  47   119      -8    37 -0.35   1.0p   I-  1.170    0.0  1.40 1372.3 2425.3  274.8 0.6589          
 -29  47  -6     6  29  47   121      -5    41 -0.27   1.0p   I+  1.163    0.1  1.40 1094.5 2419.1  275.1 0.6584          
              Weighted mean, sd       -8    24  I+        -9    32  I-        -8    37

  -6 -44 -20     6  44  20   121     835    83  2.37   1.0p   I-  1.063    7.5  1.60  852.3  310.2  275.0 0.5660 *        
  -6 -44  20     6  44  20   131     117    79  0.89   1.0p   I+  1.071   -0.2  1.60 1714.4  334.2  276.1 0.5587          
   6 -44  20     6  44  20   288     121    76  0.91   1.0p   I-  1.173   -0.1  1.60 1711.0  332.8  291.8 0.5592          
 -20   6  44     6  44  20   246     163    61  1.05   1.0p   I-  0.982    0.6  1.60 2208.0 1536.9  287.6 0.2579          
 -20   6 -44     6  44  20   330     121    51  0.90   1.0p   I+  1.028   -0.2  1.60  311.7 1546.6  296.0 0.2668          
              Weighted mean, sd      132    32  I+       120    43  I-       146    48

  -6 -46 -28     6  46  28   160      43    90  0.77   1.0p   I-  1.050   -0.6  1.44  648.9  235.5  278.9 0.6158          
  -6 -46  28     6  46  28   175      50    71  0.82   1.0p   I+  1.063   -0.7  1.44 1925.2  271.8  280.5 0.6060          
   6 -46 -28     6  46  28   307     -10    79 -0.37   1.0p   I+  1.151   -1.4  1.44  645.5  237.9  293.6 0.6153          
   6 -46  28     6  46  28   326      61    75  0.91   1.0p   I-  1.174   -0.5  1.44 1921.6  269.4  295.5 0.6067          
 -28   6  46     6  46  28   355     796    85  3.29   1.0p   I-  1.065    7.6  1.44 2311.1 1718.2  298.4 0.4024 *        
 -28   6 -46     6  46  28   420     359    57  2.21   1.0p   I+  1.123    4.8  1.44  214.9 1732.9  305.0 0.4143          
 -46  28   6     6  46  28   393      24    58  0.57   1.0p   I-  1.316   -1.3  1.44 1387.0 2379.3  302.3 0.6442          
 -46  28  -6     6  46  28   397      31    65  0.65   1.0p   I+  1.321   -1.0  1.44 1113.6 2377.1  302.6 0.6440          
              Weighted mean, sd       99    26  I+       138    33  I-        39    41

  -7 -21  48     7  21  48   407     741    62  2.91   1.0p   I+  1.060    6.8  1.47 2352.1  976.9  303.7 0.2155 *        
  21 -48  -7     7  21  48   437     198   102  1.50   1.0p   I+  1.322    0.1  1.47 1121.6  112.1  306.7 0.6299          
 -21  48   7     7  21  48    48     169    54  1.39   1.0p   I-  1.124   -0.4  1.47 1388.9 2338.1  267.8 0.6298          
 -21  48  -7     7  21  48    51     185    63  1.45   1.0p   I+  1.113   -0.1  1.47 1074.3 2330.3  268.0 0.6289          
  21 -48   7     7  21  48   442     246   101  1.68   1.0p   I-  1.319    0.6  1.47 1436.0  117.6  307.1 0.6288          
              Weighted mean, sd      187    36  I+       189    54  I-       186    47

  -7 -26 -21     7  26  21     9     544    83  0.66   1.0p   I-  1.068    0.8  2.28  864.9  712.2  263.8 0.3557          
  -7 -26  21     7  26  21    21    1234   100  1.00   1.0p   I+  1.059    6.8  2.28 1675.9  735.4  265.1 0.3422 *        
   7 -26 -21     7  26  21   305     510    90  0.64   1.0p   I+  1.103    0.3  2.28  862.0  714.6  293.4 0.3545          
   7 -26  21     7  26  21   328     583   113  0.68   1.0p   I-  1.125    0.9  2.28 1672.7  733.0  295.8 0.3436          
 -26  21   7     7  26  21   389     422    77  0.58   1.0p   I-  1.210   -0.9  2.28 1384.8 1855.4  301.9 0.4139          
 -26  21  -7     7  26  21   396     415    78  0.58   1.0p   I+  1.214   -0.9  2.28 1114.6 1852.7  302.5 0.4129          
              Weighted mean, sd      481    38  I+       455    59  I-       499    50

  -7 -36 -31     7  36  31   120     669    61  2.04   1.0p   I-  1.001    6.7  1.62  615.7  482.5  275.0 0.5063 *        
  -7 -36  31     7  36  31   140     128    68  0.89   1.0p   I+  1.017   -0.6  1.62 1943.6  522.1  277.0 0.4884          
   7 -36 -31     7  36  31   337     303    60  1.37   1.0p   I+  1.095    2.3  1.62  612.0  486.1  296.6 0.5050          
   7 -36  31     7  36  31   364     130    60  0.90   1.0p   I-  1.099   -0.7  1.62 1939.4  518.7  299.4 0.4900          
 -36  31   7     7  36  31   321     127    74  0.89   1.0p   I-  1.290   -0.6  1.62 1395.9 2195.7  295.1 0.5762          
 -36  31  -7     7  36  31   326     124    72  0.88   1.0p   I+  1.287   -0.6  1.62 1096.1 2192.0  295.6 0.5756          
              Weighted mean, sd      170    29  I+       198    38  I-       129    46

  -7 -44 -17     7  44  17   100      47    40  0.53   1.0p   I-  1.070    0.2  1.63  920.1  312.7  273.0 0.5603          
  -7 -44  17     7  44  17   108      18    45  0.33   1.0p   I+  1.074   -0.5  1.63 1646.0  332.9  273.8 0.5542          
   7 -44 -17     7  44  17   279      48    66  0.54   1.0p   I+  1.170    0.1  1.63  916.4  314.3  290.9 0.5599          
   7 -44  17     7  44  17   291      58    66  0.59   1.0p   I-  1.187    0.3  1.63 1642.2  331.5  292.0 0.5546          
 -17   7  44     7  44  17   133     491    43  1.71   1.0p   I-  0.922    7.3  1.63 2197.9 1472.5  276.2 0.2063 *        
              Weighted mean, sd       40    25  I+        28    37  I-        50    34

  -8 -22 -50     8  22  50   305      46    45  0.85   1.0p   I-  0.997    0.1  1.41  123.4  856.0  293.4 0.3200          
  -8 -22  50     8  22  50   420     485    45  2.75   1.0p   I+  1.081    6.7  1.41 2428.4  977.8  305.0 0.2199 *        
  22 -50  -8     8  22  50   447      79   103  1.11   1.0p   I+  1.320    0.4  1.41 1096.0   41.1  307.7 0.6547          
 -22  50   8     8  22  50    40      28    40  0.66   1.0p   I-  1.114   -0.3  1.41 1414.7 2409.4  266.9 0.6547          
              Weighted mean, sd       39    29  I+        79   103  I-        36    30

   8 -27 -21     8  27  21   321     673    99  0.77   1.0p   I+  1.111    0.8  2.22  860.0  689.3  295.1 0.3700          
  -8  27  21     8  27  21     8     612    89  0.73   1.0p   I-  1.084    0.1  2.22 1651.1 1760.5  263.7 0.3697          
   8 -27  21     8  27  21   344    1504   114  1.14   1.0p   I-  1.119    7.2  2.22 1675.5  707.3  297.4 0.3596 *        
 -27  21   8     8  27  21   395     564    85  0.70   1.0p   I-  1.218   -0.5  2.22 1405.3 1873.0  302.4 0.4239          
 -27  21  -8     8  27  21   402     576    90  0.71   1.0p   I+  1.223   -0.3  2.22 1094.7 1870.0  303.2 0.4229          
              Weighted mean, sd      602    45  I+       620    67  I-       587    61

  -8 -44 -20     8  44  20    97     789    78  2.33   1.0p   I-  1.056    8.0  1.59  851.7  301.8  272.6 0.5697 *        
  -8 -44  20     8  44  20   106      97    75  0.82   1.0p   I+  1.060    0.2  1.59 1716.1  326.1  273.6 0.5624          
   8 -44  20     8  44  20   315      86    77  0.77   1.0p   I-  1.193    0.1  1.59 1711.6  324.1  294.4 0.5630          
 -20   8  44     8  44  20   211      73    59  0.71   1.0p   I-  0.960   -0.2  1.59 2209.4 1557.8  284.0 0.2742          
 -20   8 -44     8  44  20   286      80    47  0.74   1.0p   I+  1.000   -0.1  1.59  307.9 1560.1  291.6 0.2776          
              Weighted mean, sd       82    30  I+        85    40  I-        78    47

  -8 -46 -18     8  46  18   102     392    83  1.71   1.0p   I-  1.065   -1.8  1.56  892.3  253.1  273.1 0.5871          
  -8 -46  18     8  46  18   110     654    88  2.21   1.0p   I+  1.069    1.4  1.56 1678.3  275.1  274.0 0.5812          
   8 -46 -18     8  46  18   297     572    97  2.07   1.0p   I+  1.190    0.4  1.56  888.0  255.0  292.7 0.5867          
   8 -46  18     8  46  18   309     545    95  2.02   1.0p   I-  1.207    0.1  1.56 1673.7  273.4  293.9 0.5817          
 -18   8  46     8  46  18    99    1188    80  2.98   1.0p   I-  0.902    6.2  1.56 2263.0 1485.5  272.9 0.2210 *        
              Weighted mean, sd      534    45  I+       617    65  I-       458    63

  -8 -48  20     8  48  20   127      18    61  0.45   1.0p   I+  1.069   -0.2  1.48 1735.8  217.8  275.7 0.6090          
   8 -48  20     8  48  20   318      14    63  0.40   1.0p   I-  1.215   -0.2  1.48 1731.0  215.9  294.8 0.6094          
 -20   8  48     8  48  20   113     489    43  2.33   1.0p   I-  0.896    7.0  1.48 2335.5 1509.9  274.2 0.2460 *        
 -20   8 -48     8  48  20   198      40    36  0.67   1.0p   I+  0.918    0.3  1.48  184.2 1514.9  282.8 0.2518          
              Weighted mean, sd       30    28  I+        34    31  I-        14    63

  -9  11 -12     9  11  12   326    4118   263  0.64   1.0p   I+  1.152   -7.1  4.19 1034.9 1474.4  295.5 0.1781 *        
 -12   9  11     9  11  12   444    6110   268  0.78   1.0p   I-  1.141   -0.1  4.19 1451.1 1493.4  307.3 0.1905          
 -11  12   9     9  11  12   348    6293   267  0.79   1.0p   I-  1.160    0.8  4.19 1413.4 1517.4  297.8 0.2061          
 -11  12  -9     9  11  12   365    5995   268  0.77   1.0p   I+  1.137   -0.7  4.19 1088.9 1513.1  299.5 0.2036          
              Weighted mean, sd     6133   154  I+      5995   267  I-      6202   189

  -9 -17  48     9  17  48   433     574    40  2.38   1.0p   I+  1.064    8.0  1.51 2337.1 1093.7  306.3 0.1148 *        
 -17 -48  -9     9  17  48     4      62    47  0.79   1.0p   I-  1.074   -0.1  1.51 1088.4  151.0  263.3 0.6166          
  17 -48  -9     9  17  48   392      53    63  0.72   1.0p   I+  1.273   -0.2  1.51 1079.9  152.9  302.2 0.6164          
 -17  48   9     9  17  48    10      75    46  0.86   1.0p   I-  1.129    0.2  1.51 1431.1 2297.4  263.9 0.6163          
 -17  48  -9     9  17  48    13      74    48  0.85   1.0p   I+  1.107    0.1  1.51 1031.5 2287.0  264.2 0.6148          
              Weighted mean, sd       68    25  I+        66    38  I-        69    33

  -9 -22 -31     9  22  31    12     706    93  1.04   1.0p   I-  1.000    0.3  1.99  652.4  771.4  264.1 0.3324          
  -9 -22  31     9  22  31    35    1915   107  1.71   1.0p   I+  0.993    9.7  1.99 1888.0  809.9  266.4 0.3075 *        
   9 -22 -31     9  22  31   444     762    98  1.08   1.0p   I+  1.053    1.0  1.99  648.4  777.2  307.4 0.3291          
 -22  31   9     9  22  31   213     581    89  0.94   1.0p   I-  1.185   -1.3  1.99 1422.4 1960.9  284.3 0.4702          
              Weighted mean, sd      677    54  I+       762    98  I-       641    64

  -9 -22 -51     9  22  51   299      86    47  1.23   1.0p   I-  0.994    1.0  1.38   86.7  858.0  292.9 0.3221          
  -9 -22  51     9  22  51   421     473    44  2.88   1.0p   I+  1.086    7.2  1.38 2466.8  991.2  305.0 0.2109 *        
  22 -51  -9     9  22  51   448      29    90  0.71   1.0p   I+  1.327   -0.1  1.38 1071.5    9.8  307.7 0.6656          
 -22  51   9     9  22  51    31      24    39  0.64   1.0p   I-  1.108   -0.4  1.38 1439.5 2441.0  266.0 0.6656          
 -22  51  -9     9  22  51    34      24    43  0.65   1.0p   I+  1.093   -0.4  1.38 1019.4 2430.3  266.3 0.6648          
              Weighted mean, sd       40    24  I+        25    38  I-        50    30

  -9 -42 -29     9  42  29   110     660    72  2.58   1.0p   I-  1.014    7.5  1.50  640.1  327.0  274.0 0.5783 *        
  -9 -42  29     9  42  29   126      25    54  0.51   1.0p   I+  1.024   -0.4  1.50 1929.3  364.7  275.5 0.5656          
   9 -42  29     9  42  29   371      63    51  0.80   1.0p   I-  1.139    0.3  1.50 1923.9  361.2  300.1 0.5669          
 -29   9  42     9  42  29   373      85   101  0.93   1.0p   I-  1.078    0.4  1.50 2193.6 1784.2  300.2 0.4330          
 -29   9 -42     9  42  29   425      61    66  0.78   1.0p   I+  1.133    0.2  1.50  327.3 1789.5  305.5 0.4382          
 -42  29   9     9  42  29   366      28    62  0.53   1.0p   I-  1.278   -0.3  1.50 1448.7 2297.4  299.6 0.6171          
              Weighted mean, sd       47    28  I+        40    42  I-        53    37

  -9 -44 -21     9  44  21    88     792    80  2.38   1.0p   I-  1.049    7.4  1.57  828.0  294.3  271.8 0.5747 *        
  -9 -44  21     9  44  21    98     109    78  0.88   1.0p   I+  1.054   -0.2  1.57 1740.9  320.2  272.8 0.5670          
   9 -44 -21     9  44  21   317     133    77  0.97   1.0p   I+  1.180    0.1  1.57  823.2  296.9  294.7 0.5741          
   9 -44  21     9  44  21   332     108    79  0.88   1.0p   I-  1.195   -0.2  1.57 1735.8  317.9  296.1 0.5677          
 -21   9  44     9  44  21   218     135    63  0.98   1.0p   I-  0.966    0.2  1.57 2214.5 1592.4  284.8 0.3009          
 -21   9 -44     9  44  21   288     134    51  0.98   1.0p   I+  1.006    0.2  1.57  302.3 1592.3  291.8 0.3027          
              Weighted mean, sd      127    30  I+       128    37  I-       125    49

  -9 -47 -18     9  47  18    96     115    52  1.02   1.0p   I-  1.063   -0.2  1.52  889.3  220.8  272.5 0.6002          
   9 -47 -18     9  47  18   311     140    65  1.12   1.0p   I+  1.206    0.2  1.52  884.4  222.9  294.0 0.5999          
 -18   9  47     9  47  18    59     693    52  2.49   1.0p   I-  0.883    6.6  1.52 2295.7 1485.7  268.9 0.2233 *        
              Weighted mean, sd      125    41  I+       140    65  I-       115    52

 -10 -13 -43    10  13  43   127     354    32  1.32   1.0p   I-  0.910    7.3  1.69  363.4  978.6  275.6 0.2028 *        
 -10 -13  43    10  13  43   236       1    37  0.06   1.0p   I+  0.965   -0.3  1.69 2172.4 1071.8  286.5 0.1273          
 -13 -43 -10    10  13  43    10     -10    38 -0.22   1.0p   I-  1.080   -0.5  1.69 1072.2  315.4  263.9 0.5517          
  13 -43 -10    10  13  43   345      48    68  0.48   1.0p   I+  1.218    0.5  1.69 1066.1  317.0  297.4 0.5513          
 -13  43  10    10  13  43     3      15    41  0.27   1.0p   I-  1.144    0.1  1.69 1444.7 2132.9  263.2 0.5512          
 -13  43 -10    10  13  43     6       7    45  0.19   1.0p   I+  1.117   -0.1  1.69 1023.9 2122.0  263.6 0.5487          
 -13 -43  10    10  13  43    14      41    44  0.45   1.0p   I+  1.075    0.6  1.69 1493.0  327.0  264.3 0.5482          
              Weighted mean, sd       12    17  I+        18    22  I-         2    28

 -10 -16  48    10  16  48   415     923    56  2.99   1.0p   I+  1.064    7.8  1.51 2335.2 1113.6  304.5 0.0974 *        
 -16 -48 -10    10  16  48    14     249    65  1.55   1.0p   I-  1.058   -0.2  1.51 1066.3  158.9  264.4 0.6145          
 -16  48 -10    10  16  48     2     292    64  1.68   1.0p   I+  1.120    0.5  1.51 1009.6 2277.9  263.1 0.6125          
  16 -48  10    10  16  48   388     276    78  1.64   1.0p   I-  1.268    0.2  1.51 1501.5  169.7  301.7 0.6124          
 -16 -48  10    10  16  48    18     226    65  1.48   1.0p   I+  1.053   -0.5  1.51 1509.8  171.1  264.7 0.6120          
              Weighted mean, sd      260    34  I+       259    45  I-       260    50

  10 -25 -15    10  25  15   345    1963   150  1.05   1.0p   I+  1.123   -0.5  2.53  981.3  720.8  297.5 0.3449          
 -10  25  15    10  25  15    93    2009   150  1.06   1.0p   I-  1.111   -0.2  2.53 1528.6 1728.7  272.2 0.3449          
 -10  25 -15    10  25  15   104    1984   149  1.06   1.0p   I+  1.087   -0.3  2.53  960.0 1715.6  273.4 0.3383          
  10 -25  15    10  25  15   363    2096   151  1.09   1.0p   I-  1.123    0.4  2.53 1549.8  732.1  299.2 0.3383          
 -15  10  25    10  25  15   356    2114   147  1.09   1.0p   I-  1.096    0.5  2.53 1727.4 1550.1  298.5 0.2378          
 -15  10 -25    10  25  15   401   11179   169  2.51   1.0p   I+  1.101   46.1  2.53  780.1 1544.2  303.1 0.2347 *        
              Weighted mean, sd     2034    67  I+      1973   106  I-      2074    86

 -10 -44 -20    10  44  20    73     685    78  2.20   1.0p   I-  1.047    6.2  1.58  850.7  291.0  270.3 0.5744 *        
 -10 -44  20    10  44  20    82      93    77  0.81   1.0p   I+  1.053   -0.7  1.58 1718.2  315.5  271.2 0.5671          
  10 -44  20    10  44  20   341     143    73  1.01   1.0p   I-  1.197    0.0  1.58 1712.7  313.2  297.0 0.5679          
 -20  10  44    10  44  20   179     167    56  1.09   1.0p   I-  0.948    0.5  1.58 2211.7 1582.1  280.8 0.2928          
 -20  10 -44    10  44  20   247     143    51  1.00   1.0p   I+  0.965    0.0  1.58  303.4 1577.8  287.6 0.2915          
              Weighted mean, sd      142    31  I+       128    42  I-       158    45

 -10 -51 -19    10  51  19   110     471    69  2.73   1.0p   I-  1.063    6.4  1.41  852.3   96.7  273.9 0.6487 *        
 -10 -51  19    10  51  19   118       8    57  0.36   1.0p   I+  1.066    0.0  1.41 1729.8  121.2  274.7 0.6445          
  10 -51  19    10  51  19   342      -5    71 -0.28   1.0p   I-  1.242   -0.1  1.41 1723.7  119.1  297.1 0.6449          
 -19 -10  51    10  51  19    74      19    34  0.54   1.0p   I+  0.884    0.4  1.41 2449.6 1075.4  270.4 0.1352          
 -19 -10  51    10  51  19   444       5    36  0.28   1.0p   I+  1.079   -0.0  1.41 2448.9 1373.6  307.3 0.1359          
 -19  10 -51    10  51  19    40      -2    28 -0.19   1.0p   I+  0.832   -0.3  1.41   81.9 1447.3  266.9 0.2019          
              Weighted mean, sd        5    17  I+         6    17  I-        -5    71

 -11 -41 -30    11  41  30    85     709    77  2.70   1.0p   I-  1.003    6.0  1.50  616.8  337.8  271.5 0.5760 *        
 -11 -41  30    11  41  30   101     143    70  1.21   1.0p   I+  1.010   -0.7  1.50 1952.6  377.5  273.0 0.5623          
  11 -41 -30    11  41  30   381     187    95  1.39   1.0p   I+  1.122   -0.0  1.50  610.9  342.6  301.1 0.5747          
  11 -41  30    11  41  30   406     214    64  1.48   1.0p   I-  1.173    0.4  1.50 1946.2  372.9  303.5 0.5640          
 -30  11  41    11  41  30   363     300   102  1.76   1.0p   I-  1.085    1.1  1.50 2171.8 1827.6  299.3 0.4578          
 -30  11 -41    11  41  30   411     251    75  1.61   1.0p   I+  1.131    0.8  1.50  347.0 1829.0  304.0 0.4607          
 -41  30  11    11  41  30   348     154    66  1.26   1.0p   I-  1.285   -0.6  1.50 1492.7 2293.5  297.8 0.6173          
 -41  30 -11    11  41  30   355     147    71  1.23   1.0p   I+  1.276   -0.6  1.50 1003.1 2288.3  298.4 0.6168          
              Weighted mean, sd      190    28  I+       179    38  I-       205    42

 -11 -44 -15    11  44  15    48     -32    45 -0.44   1.0p   I-  1.053   -1.5  1.63  963.2  295.5  267.8 0.5651          
 -11 -44  15    11  44  15    55      37    45  0.47   1.0p   I+  1.056    0.0  1.63 1604.3  313.3  268.4 0.5599          
  11 -44 -15    11  44  15   327     -11    61 -0.26   1.0p   I+  1.210   -0.8  1.63  957.7  297.5  295.7 0.5647          
  11 -44  15    11  44  15   337      37    67  0.47   1.0p   I-  1.218    0.0  1.63 1598.6  311.6  296.7 0.5605          
 -15  11  44    11  44  15    13     106    38  0.80   1.0p   I-  0.906    1.9  1.63 2196.1 1488.2  264.3 0.2188          
 -15  11 -44    11  44  15    77     377    42  1.51   1.0p   I+  0.881    6.3  1.63  315.6 1471.4  270.7 0.2070 *        
              Weighted mean, sd       38    21  I+        20    36  I-        47    27

 -11 -47 -14    11  47  14    65     306    66  1.53   1.0p   I-  1.062   -0.1  1.55  980.0  217.9  269.4 0.5959          
 -11 -47  14    11  47  14    71     329    69  1.59   1.0p   I+  1.065    0.3  1.55 1592.7  234.9  270.0 0.5918          
  11 -47 -14    11  47  14   327     339    88  1.62   1.0p   I+  1.230    0.3  1.55  974.3  219.8  295.6 0.5955          
  11 -47  14    11  47  14   336     301    79  1.52   1.0p   I-  1.238   -0.1  1.55 1586.7  233.3  296.5 0.5922          
 -14 -11 -47    11  47  14    67     870    64  2.59   1.0p   I-  0.882    7.0  1.55  241.0  990.7  269.7 0.2005 *        
 -14 -11  47    11  47  14   200     295    59  1.51   1.0p   I+  0.940   -0.3  1.55 2297.3 1120.2  283.0 0.0905          
              Weighted mean, sd      311    31  I+       315    40  I-       304    51

 -11 -47 -28    11  47  28   108     719    76  3.46   1.0p   I-  1.021    6.9  1.40  639.8  180.4  273.8 0.6382 *        
 -11 -47  28    11  47  28   122     138    73  1.51   1.0p   I+  1.029    0.2  1.40 1939.8  218.2  275.1 0.6294          
  11 -47  28    11  47  28   388     150    96  1.58   1.0p   I-  1.193    0.2  1.40 1933.1  214.3  301.8 0.6303          
 -28  11  47    11  47  28   261     165    63  1.66   1.0p   I-  1.011    0.6  1.40 2351.1 1756.6  289.0 0.4337          
 -28  11 -47    11  47  28   319     169    86  1.68   1.0p   I+  1.056    0.5  1.40  169.4 1757.5  294.8 0.4370          
 -47  28  11    11  47  28   388     103    60  1.31   1.0p   I-  1.306   -0.4  1.40 1506.0 2413.1  301.7 0.6594          
 -47  28 -11    11  47  28   395      54    74  0.95   1.0p   I+  1.316   -1.0  1.40  995.4 2409.1  302.4 0.6592          
              Weighted mean, sd      127    30  I+       116    44  I-       135    40

 -12 -14 -42    12  14  42    32      84    48  0.63   1.0p   I-  0.906    0.2  1.70  386.4  918.4  266.1 0.2483          
 -12 -14  42    12  14  42    92     678    48  1.80   1.0p   I+  0.933    8.7  1.70 2151.4  991.6  272.1 0.1911 *        
  14 -42 -12    12  14  42   361      65    64  0.56   1.0p   I+  1.197   -0.2  1.70 1023.6  331.3  299.1 0.5469          
 -14  42 -12    12  14  42    22      74    51  0.60   1.0p   I+  1.088   -0.0  1.70  982.9 2106.1  265.1 0.5437          
  14 -42  12    12  14  42   370      77    63  0.61   1.0p   I-  1.205    0.0  1.70 1527.7  341.4  300.0 0.5436          
              Weighted mean, sd       76    28  I+        70    40  I-        81    38

 -12 -17 -47    12  17  47   143     134    48  1.12   1.0p   I-  0.905    0.8  1.52  232.6  896.8  277.3 0.2774          
 -12 -17  47    12  17  47   235     559    48  2.30   1.0p   I+  0.959    7.7  1.52 2312.4 1000.2  286.4 0.1934 *        
  17 -47 -12    12  17  47   396      67    65  0.80   1.0p   I+  1.264   -0.4  1.52 1013.6  175.5  302.6 0.6106          
 -17  47  12    12  17  47    12      90    48  0.92   1.0p   I-  1.115   -0.1  1.52 1497.6 2275.1  264.1 0.6106          
 -17  47 -12    12  17  47    16      88    50  0.91   1.0p   I+  1.088   -0.1  1.52  966.5 2261.4  264.5 0.6084          
  17 -47  12    12  17  47   404     134    94  1.12   1.0p   I-  1.286    0.4  1.52 1544.5  185.9  303.4 0.6084          
 -17 -47  12    12  17  47     5      62    51  0.76   1.0p   I+  1.067   -0.6  1.52 1553.2  187.8  263.4 0.6079          
              Weighted mean, sd       93    22  I+        73    31  I-       114    32

 -12 -42 -14    12  42  14    22     301    72  1.20   1.0p   I-  1.058   -0.5  1.70  987.8  341.0  265.1 0.5441          
 -12 -42  14    12  42  14    27     259    71  1.11   1.0p   I+  1.056   -1.1  1.70 1576.2  357.3  265.7 0.5389          
  12 -42 -14    12  42  14   338     355    83  1.30   1.0p   I+  1.202    0.2  1.70  982.2  343.1  296.8 0.5436          
  12 -42  14    12  42  14   348     330    88  1.26   1.0p   I-  1.205   -0.1  1.70 1570.3  355.5  297.8 0.5395          
 -14  12  42    12  42  14    19     424    67  1.43   1.0p   I-  0.913    1.3  1.70 2137.1 1506.4  264.8 0.2292          
 -14  12 -42    12  42  14    76    1030    69  2.22   1.0p   I+  0.891    8.0  1.70  372.1 1486.0  270.6 0.2150 *        
              Weighted mean, sd      336    33  I+       300    54  I-       358    43

 -12 -47 -13    12  47  13    52     222    62  1.31   1.0p   I-  1.055    0.2  1.55 1002.1  213.2  268.2 0.5966          
 -12 -47  13    12  47  13    58     205    61  1.25   1.0p   I+  1.059   -0.1  1.55 1570.8  229.0  268.7 0.5928          
  12 -47 -13    12  47  13   337     215    74  1.28   1.0p   I+  1.234    0.1  1.55  995.9  215.2  296.7 0.5963          
  12 -47  13    12  47  13   346     206    80  1.26   1.0p   I-  1.238   -0.1  1.55 1564.4  227.4  297.5 0.5933          
 -13 -12 -47    12  47  13   112     623    54  2.18   1.0p   I-  0.889    6.1  1.55  241.8  992.5  274.1 0.1990 *        
 -13 -12  47    12  47  13   265     208    48  1.26   1.0p   I+  0.980   -0.1  1.55 2297.1 1131.1  289.5 0.0810          
              Weighted mean, sd      211    28  I+       208    34  I-       216    49

 -12 -49 -15    12  49  15    69     102    51  1.06   1.0p   I-  1.057   -0.1  1.48  952.5  153.1  269.8 0.6220          
 -12 -49  15    12  49  15    75      89    50  0.99   1.0p   I+  1.060   -0.4  1.48 1625.0  171.8  270.4 0.6182          
  12 -49 -15    12  49  15   342     154    64  1.31   1.0p   I+  1.238    0.7  1.48  946.0  155.3  297.2 0.6217          
  12 -49  15    12  49  15   352     116    63  1.14   1.0p   I-  1.240    0.1  1.48 1618.2  170.0  298.1 0.6187          
 -15 -12 -49    12  49  15    87     636    51  2.66   1.0p   I-  0.880    8.3  1.48  172.8  977.3  271.7 0.2163 *        
 -15 -12  49    12  49  15   235      96    41  1.03   1.0p   I+  0.953   -0.3  1.48 2368.9 1128.7  286.5 0.0850          
              Weighted mean, sd      106    23  I+       105    28  I-       108    40

 -13 -15 -44    13  15  44    45     142    50  0.96   1.0p   I-  0.896    1.0  1.61  325.9  896.9  267.4 0.2694          
 -13 -15  44    13  15  44   107     712    49  2.14   1.0p   I+  0.924    9.9  1.61 2215.0  977.9  273.7 0.2058 *        
  15 -44 -13    13  15  44   375      76    64  0.70   1.0p   I+  1.209   -0.2  1.61  998.1  271.3  300.4 0.5736          
 -15  44  13    13  15  44    11      87    44  0.75   1.0p   I-  1.115   -0.1  1.61 1513.0 2179.2  264.1 0.5735          
 -15  44 -13    13  15  44    16      63    50  0.63   1.0p   I+  1.085   -0.5  1.61  954.8 2164.8  264.5 0.5705          
  15 -44  13    13  15  44   384     134    64  0.93   1.0p   I-  1.226    0.6  1.61 1556.0  282.6  301.3 0.5704          
 -15 -44  13    13  15  44     5      58    50  0.61   1.0p   I+  1.074   -0.6  1.61 1563.5  284.3  263.5 0.5698          
              Weighted mean, sd       91    21  I+        64    31  I-       116    30

 -13  18  33    13  18  33    85     842    69  1.19   1.0p   I-  0.985    7.0  1.96 1910.6 1634.4  271.5 0.3063 *        
 -13  18 -33    13  18  33   119     283    57  0.69   1.0p   I+  0.957    0.5  1.96  588.8 1610.9  274.8 0.2924          
 -18  33  13    13  18  33   137     235    62  0.63   1.0p   I-  1.140   -0.4  1.96 1501.5 1956.3  276.7 0.4706          
 -18  33 -13    13  18  33   145     251    64  0.65   1.0p   I+  1.125   -0.1  1.96  980.8 1945.2  277.5 0.4669          
              Weighted mean, sd      258    35  I+       269    43  I-       235    62

 -13 -19 -48    13  19  48   134     545    53  2.55   1.0p   I-  0.902    6.4  1.46  192.0  845.4  276.4 0.3214 *        
 -13 -19  48    13  19  48   212     144    57  1.31   1.0p   I+  0.950    0.6  1.46 2357.2  947.2  284.2 0.2405          
  19 -48 -13    13  19  48   421     122    97  1.21   1.0p   I+  1.308    0.1  1.46  986.5  125.4  305.0 0.6304          
 -19  48  13    13  19  48    21     111    48  1.15   1.0p   I-  1.099   -0.0  1.46 1524.8 2325.7  265.0 0.6303          
 -19  48 -13    13  19  48    25      74    51  0.94   1.0p   I+  1.075   -0.7  1.46  938.2 2310.8  265.5 0.6283          
  19 -48  13    13  19  48   429     134   110  1.26   1.0p   I-  1.316    0.2  1.46 1572.8  136.3  305.9 0.6283          
              Weighted mean, sd      110    28  I+       107    35  I-       115    44

 -13 -19 -50    13  19  50   176      91    44  1.18   1.0p   I-  0.915    1.0  1.42  125.1  867.6  280.6 0.3105          
 -13 -19  50    13  19  50   278     340    35  2.28   1.0p   I+  0.995    6.3  1.42 2425.9  991.0  290.7 0.2083 *        
 -19 -50 -13    13  19  50     6      23    39  0.59   1.0p   I-  1.052   -0.6  1.42  992.3   65.0  263.5 0.6508          
  19 -50 -13    13  19  50   420      43    93  0.81   1.0p   I+  1.325   -0.0  1.42  982.4   67.9  304.9 0.6505          
 -19  50  13    13  19  50     6      49    40  0.86   1.0p   I-  1.114    0.1  1.42 1529.2 2383.3  263.6 0.6504          
 -19  50 -13    13  19  50    10      46    43  0.84   1.0p   I+  1.085    0.0  1.42  930.9 2367.8  264.0 0.6488          
  19 -50  13    13  19  50   428      20    92  0.55   1.0p   I-  1.334   -0.3  1.42 1580.5   79.2  305.8 0.6487          
 -19 -50  13    13  19  50    10      34    38  0.72   1.0p   I+  1.044   -0.3  1.42 1590.7   81.5  263.9 0.6483          
              Weighted mean, sd       45    17  I+        40    27  I-        49    23

 -13 -23 -46    13  23  46   108      31    49  0.60   1.0p   I-  0.909    0.4  1.47  241.3  741.2  273.8 0.3931          
 -13 -23  46    13  23  46   159     690    64  2.83   1.0p   I+  0.942    8.7  1.47 2312.3  823.6  278.9 0.3344 *        
 -23  46  13    13  23  46    71      -5    44 -0.24   1.0p   I-  1.120   -0.4  1.47 1526.0 2319.4  270.0 0.6281          
 -23  46 -13    13  23  46    76      17    50  0.44   1.0p   I+  1.104    0.1  1.47  940.7 2305.4  270.5 0.6263          
              Weighted mean, sd       13    27  I+        17    50  I-        11    33

 -13 -27 -46    13  27  46   121     153    63  1.52   1.0p   I-  0.918    0.9  1.42  223.1  650.5  275.0 0.4569          
 -13 -27  46    13  27  46   165     866    79  3.61   1.0p   I+  0.951    8.6  1.42 2336.7  730.5  279.5 0.4051 *        
 -27  46  13    13  27  46   102      90    47  1.16   1.0p   I-  1.137   -0.2  1.42 1532.6 2377.6  273.2 0.6487          
 -27  46 -13    13  27  46   108      68    50  1.01   1.0p   I+  1.122   -0.7  1.42  935.2 2364.1  273.7 0.6473          
              Weighted mean, sd       97    30  I+        68    50  I-       113    38

  13 -31 -18    13  31  18   384     577    87  0.88   1.0p   I+  1.125   -0.9  2.04  912.5  576.7  301.4 0.4317          
 -13  31  18    13  31  18    73     653    87  0.93   1.0p   I-  1.094    0.0  2.04 1598.0 1873.5  270.3 0.4316          
 -13  31 -18    13  31  18    84     604    88  0.90   1.0p   I+  1.069   -0.6  2.04  885.2 1856.9  271.3 0.4249          
  13 -31  18    13  31  18   402     617    90  0.91   1.0p   I-  1.162   -0.4  2.04 1625.1  590.4  303.1 0.4248          
 -18  13  31    13  31  18   286     834    94  1.06   1.0p   I-  1.080    2.0  2.04 1867.0 1630.6  291.5 0.3007          
 -18  13 -31    13  31  18   330    1354    93  1.35   1.0p   I+  1.080    6.6  2.04  639.7 1620.9  296.0 0.2957 *        
              Weighted mean, sd      653    40  I+       590    62  I-       697    52

  13 -32 -17    13  32  17   377    1097   114  1.24   1.0p   I+  1.128   -0.4  2.02  932.0  557.3  300.7 0.4412          
 -13  32  17    13  32  17    68    1112   114  1.25   1.0p   I-  1.098   -0.3  2.02 1578.4 1892.9  269.8 0.4411          
 -13  32 -17    13  32  17    78    1078   115  1.23   1.0p   I+  1.075   -0.6  2.02  903.5 1876.9  270.8 0.4349          
  13 -32  17    13  32  17   393    1088   115  1.24   1.0p   I-  1.158   -0.5  2.02 1606.7  570.4  302.3 0.4348          
 -17  13  32    13  32  17   254    2097   119  1.72   1.0p   I-  1.050    7.1  2.02 1888.2 1613.1  288.4 0.2903 *        
 -17  13 -32    13  32  17   300    1325   110  1.37   1.0p   I+  1.061    1.8  2.02  618.1 1602.0  293.0 0.2842          
              Weighted mean, sd     1143    51  I+      1171    65  I-      1100    81

 -13 -47 -16    13  47  16    48     150    56  1.18   1.0p   I-  1.043   -0.1  1.52  933.4  199.6  267.8 0.6056          
 -13 -47  16    13  47  16    54     134    55  1.12   1.0p   I+  1.045   -0.4  1.52 1641.1  219.4  268.4 0.6011          
  13 -47 -16    13  47  16   355     175    68  1.28   1.0p   I+  1.215    0.3  1.52  926.7  202.2  298.5 0.6052          
  13 -47  16    13  47  16   366     177    68  1.28   1.0p   I-  1.222    0.3  1.52 1634.0  217.2  299.5 0.6016          
 -16 -13  47    13  47  16    68     685    53  2.52   1.0p   I+  0.901    7.2  1.52 2310.5 1001.3  269.7 0.1923 *        
              Weighted mean, sd      156    30  I+       150    43  I-       161    43

 -14  17  21    14  17  21   237     126    57  0.26   1.0p   I-  1.103   -0.2  2.56 1646.7 1632.4  286.7 0.2893          
 -14  17 -21    14  17  21   264     668    62  0.60   1.0p   I+  1.101    7.3  2.56  852.5 1620.3  289.3 0.2827 *        
 -21  14  17    14  17  21   427     135    50  0.27   1.0p   I-  1.180   -0.0  2.56 1574.1 1691.2  305.6 0.3237          
 -17  21  14    14  17  21   267     129    51  0.26   1.0p   I-  1.172   -0.1  2.56 1512.6 1727.7  289.6 0.3437          
 -17  21 -14    14  17  21   281     153    53  0.29   1.0p   I+  1.166    0.3  2.56  983.1 1719.4  291.1 0.3398          
              Weighted mean, sd      136    26  I+       153    53  I-       130    30

 -14  17  33    14  17  33   119     467    50  0.88   1.0p   I-  0.988    6.9  1.96 1910.8 1629.4  274.8 0.3029 *        
 -14  17 -33    14  17  33   156      63    38  0.32   1.0p   I+  0.972   -0.2  1.96  590.1 1608.3  278.5 0.2905          
  17 -33 -14    14  17  33   428      63    45  0.32   1.0p   I+  1.197   -0.2  1.96  988.9  503.2  305.8 0.4667          
 -17  33  14    14  17  33   122      71    44  0.34   1.0p   I-  1.128    0.0  1.96 1521.2 1946.9  275.2 0.4667          
 -17  33 -14    14  17  33   131      82    47  0.37   1.0p   I+  1.111    0.3  1.96  960.8 1934.6  276.0 0.4624          
  17 -33  14    14  17  33   441      75    44  0.35   1.0p   I-  1.194    0.1  1.96 1549.0  512.8  307.0 0.4624          
              Weighted mean, sd       70    19  I+        68    25  I-        73    31

 -14 -18 -48    14  18  48   105     539    49  2.52   1.0p   I-  0.893    7.2  1.47  192.7  851.9  273.5 0.3162 *        
 -14 -18  48    14  18  48   180     105    48  1.11   1.0p   I+  0.938   -0.1  1.47 2355.9  953.7  281.0 0.2350          
 -18 -48 -14    14  18  48     2     114    51  1.16   1.0p   I-  1.063    0.0  1.47  973.8  131.1  263.2 0.6288          
  18 -48 -14    14  18  48   411     100    94  1.08   1.0p   I+  1.292   -0.1  1.47  964.6  134.1  304.0 0.6284          
 -18  48  14    14  18  48    10     131    49  1.24   1.0p   I-  1.107    0.4  1.47 1546.9 2317.1  263.9 0.6283          
 -18  48 -14    14  18  48    14      92    46  1.04   1.0p   I+  1.076   -0.4  1.47  915.9 2300.8  264.4 0.6261          
  18 -48  14    14  18  48   420     151    96  1.33   1.0p   I-  1.310    0.4  1.47 1595.4  146.2  305.0 0.6260          
 -18 -48  14    14  18  48     7     112    51  1.15   1.0p   I+  1.053   -0.0  1.47 1604.8  148.5  263.6 0.6255          
              Weighted mean, sd      112    21  I+       102    27  I-       126    33

 -14  22  22    14  22  22   160     188    78  0.39   1.0p   I-  1.082   -0.2  2.28 1671.6 1715.8  279.0 0.3437          
 -14  22 -22    14  22  22   181     154    67  0.35   1.0p   I+  1.063   -0.8  2.28  822.3 1699.8  281.0 0.3356          
 -22  14  22    14  22  22   407     372    63  0.55   1.0p   I-  1.158    2.8  2.28 1677.7 1710.4  303.6 0.3407          
 -22  14 -22    14  22  22   435     709    70  0.75   1.0p   I+  1.151    6.3  2.28  828.6 1705.3  306.5 0.3387 *        
 -22  22  14    14  22  22   316     173    55  0.37   1.0p   I-  1.208   -0.6  2.28 1518.6 1811.8  294.5 0.3935          
 -22  22 -14    14  22  22   329     135    61  0.33   1.0p   I+  1.196   -1.2  2.28  978.2 1804.8  295.9 0.3907          
              Weighted mean, sd      204    28  I+       144    45  I-       243    37

  14 -31 -17    14  31  17   397     326    71  0.65   1.0p   I+  1.147   -0.3  2.05  932.3  569.2  302.7 0.4347          
 -14  31  17    14  31  17    92     378    68  0.70   1.0p   I-  1.105    0.5  2.05 1578.1 1880.9  272.1 0.4346          
 -14  31 -17    14  31  17   102     288    66  0.62   1.0p   I+  1.080   -0.9  2.05  905.4 1865.5  273.1 0.4286          
  14 -31  17    14  31  17   414     319    68  0.65   1.0p   I-  1.182   -0.4  2.05 1604.8  581.8  304.3 0.4285          
 -17  14  31    14  31  17   250     433    72  0.75   1.0p   I-  1.053    1.3  2.05 1865.8 1628.0  287.9 0.2989          
 -17  14 -31    14  31  17   292     896    73  1.09   1.0p   I+  1.063    6.5  2.05  639.3 1615.9  292.2 0.2923 *        
              Weighted mean, sd      347    31  I+       306    49  I-       374    40

 -14 -44 -14    14  44  14    13      15    45  0.31   1.0p   I-  1.060   -0.5  1.62  983.8  275.5  264.3 0.5724          
 -14 -44  14    14  44  14    18      45    44  0.54   1.0p   I+  1.054    0.1  1.62 1584.8  292.2  264.8 0.5678          
  14 -44 -14    14  44  14   364      38    59  0.50   1.0p   I+  1.202    0.0  1.62  977.0  277.9  299.3 0.5719          
 -14  44 -14    14  44  14     3      32    41  0.45   1.0p   I+  1.098   -0.1  1.62  933.4 2157.1  263.3 0.5685          
  14 -44  14    14  44  14   374      38    67  0.49   1.0p   I-  1.213   -0.0  1.62 1577.7  290.2  300.3 0.5684          
 -14 -14  44    14  44  14    64     540    43  1.86   1.0p   I+  0.916    9.1  1.62 2214.5  978.1  269.3 0.2056 *        
 -14  14 -44    14  44  14     9      56    37  0.60   1.0p   I+  0.882    0.5  1.62  309.6 1499.0  263.8 0.2295          
              Weighted mean, sd       39    19  I+        44    22  I-        22    37

 -14 -50 -18    14  50  18    62      60    68  0.96   1.0p   I-  1.039    0.2  1.42  877.2  100.9  269.1 0.6454          
 -14 -50  18    14  50  18    69     -13    70 -0.45   1.0p   I+  1.042   -0.8  1.42 1704.9  124.2  269.8 0.6414          
  14 -50 -18    14  50  18   372      28    92  0.65   1.0p   I+  1.230   -0.2  1.42  869.5  104.0  300.2 0.6451          
 -18 -14 -50    14  50  18    17      73    44  1.05   1.0p   I-  0.875    0.6  1.42  124.3  879.9  264.7 0.3007          
 -18 -14  50    14  50  18    88     474    42  2.68   1.0p   I+  0.895    6.4  1.42 2423.5  991.8  271.8 0.2074 *        
              Weighted mean, sd       49    31  I+         2    56  I-        69    37

 -15 -17 -48    15  17  48    74     671    60  2.80   1.0p   I-  0.888    6.9  1.47  193.0  856.5  270.4 0.3126 *        
 -15 -17  48    15  17  48   145     225    59  1.62   1.0p   I+  0.922    0.8  1.47 2355.1  956.9  277.4 0.2322          
 -17 -48 -15    15  17  48    13     130    56  1.23   1.0p   I-  1.043   -0.9  1.47  951.3  139.0  264.3 0.6272          
  17 -48 -15    15  17  48   401     211    88  1.57   1.0p   I+  1.269    0.4  1.47  942.6  142.1  303.0 0.6268          
 -17  48 -15    15  17  48     3     193    58  1.50   1.0p   I+  1.087    0.3  1.47  893.6 2291.6  263.2 0.6242          
  17 -48  15    15  17  48   411     195    98  1.51   1.0p   I-  1.296    0.2  1.47 1618.0  155.3  304.0 0.6241          
 -17 -48  15    15  17  48    18     140    57  1.28   1.0p   I+  1.036   -0.7  1.47 1627.0  157.7  264.8 0.6236          
              Weighted mean, sd      176    26  I+       188    31  I-       146    49

 -15 -43 -28    15  43  28    42      -1    66 -0.12   1.0p   I-  0.990   -0.4  1.46  653.8  258.8  267.1 0.6058          
 -15 -43  28    15  43  28    53      26    65  0.57   1.0p   I+  0.996   -0.0  1.46 1920.4  295.9  268.3 0.5952          
  15 -43 -28    15  43  28   421      58    69  0.84   1.0p   I+  1.199    0.5  1.46  646.0  264.4  305.0 0.6046          
  15 -43  28    15  43  28   443     645    92  2.81   1.0p   I-  1.198    6.4  1.46 1911.8  290.6  307.2 0.5968 *        
 -28  15  43    15  43  28   261      30    51  0.61   1.0p   I-  1.029    0.1  1.46 2228.9 1822.7  289.0 0.4617          
 -28  15 -43    15  43  28   306      26    96  0.57   1.0p   I+  1.060   -0.0  1.46  284.6 1814.3  293.6 0.4594          
 -43  28  15    15  43  28   368      24    50  0.54   1.0p   I-  1.265   -0.1  1.46 1588.9 2314.9  299.8 0.6301          
 -43  28 -15    15  43  28   378      30    57  0.61   1.0p   I+  1.266    0.1  1.46  910.7 2309.0  300.7 0.6296          
              Weighted mean, sd       27    23  I+        35    34  I-        21    31

 -15 -48 -17    15  48  17    37      45    40  0.73   1.0p   I-  1.030   -0.2  1.47  906.0  152.9  266.7 0.6249          
 -15 -48  17    15  48  17    43      65    70  0.87   1.0p   I+  1.031    0.2  1.47 1671.9  174.3  267.3 0.6206          
  15 -48 -17    15  48  17   381      31    66  0.61   1.0p   I+  1.228   -0.3  1.47  898.2  156.0  301.1 0.6245          
  15 -48  17    15  48  17   393      79    83  0.96   1.0p   I-  1.254    0.3  1.47 1663.7  171.7  302.2 0.6211          
 -17 -15 -48    15  48  17     8     444    44  2.28   1.0p   I-  0.897    6.9  1.47  192.1  859.0  263.8 0.3108 *        
 -17 -15  48    15  48  17    66      54    49  0.80   1.0p   I+  0.898    0.0  1.47 2354.4  954.0  269.6 0.2346          
 -17  15 -48    15  48  17     8      57    40  0.81   1.0p   I+  0.858    0.1  1.47  174.1 1532.1  263.8 0.2667          
              Weighted mean, sd       53    21  I+        53    26  I-        51    36

 -16  18  22    16  18  22   251     813   103  0.75   1.0p   I-  1.112    0.2  2.39 1670.5 1673.5  288.1 0.3170          
 -16  18 -22    16  18  22   277    1518   104  1.03   1.0p   I+  1.110    6.3  2.39  828.6 1661.4  290.6 0.3107 *        
 -22  16  18    16  18  22   395     789    94  0.74   1.0p   I-  1.163   -0.0  2.39 1596.2 1731.9  302.4 0.3498          
 -22  16 -18    16  18  22   417     798    97  0.74   1.0p   I+  1.178    0.1  2.39  907.5 1726.4  304.6 0.3475          
 -18  22  16    16  18  22   258     749    96  0.72   1.0p   I-  1.160   -0.5  2.39 1553.8 1758.1  288.7 0.3636          
 -18  22 -16    16  18  22   273     809    97  0.75   1.0p   I+  1.155    0.2  2.39  941.4 1748.5  290.3 0.3592          
              Weighted mean, sd      791    43  I+       803    69  I-       782    56

 -16  21  17    16  21  17   237    1033   109  0.79   1.0p   I-  1.135   -0.5  2.48 1570.9 1717.8  286.7 0.3400          
 -16  21 -17    16  21  17   255    1078   110  0.81   1.0p   I+  1.130   -0.1  2.48  924.6 1707.1  288.4 0.3347          
 -17  16  21    16  21  17   309    1231   116  0.86   1.0p   I-  1.149    1.3  2.48 1650.0 1657.2  293.8 0.3055          
 -17  16 -21    16  21  17   336    1896   117  1.07   1.0p   I+  1.132    6.2  2.48  851.6 1647.9  296.5 0.3008 *        
 -21  17  16    16  21  17   376     999   109  0.78   1.0p   I-  1.155   -0.9  2.48 1555.1 1727.4  300.6 0.3452          
 -21  17 -16    16  21  17   396    1111   111  0.82   1.0p   I+  1.162    0.2  2.48  946.9 1721.5  302.5 0.3427          
              Weighted mean, sd     1087    50  I+      1094    78  I-      1082    64

 -16 -36 -40    16  36  40    59      59    59  1.01   1.0p   I-  0.938   -0.5  1.39  353.5  399.9  268.8 0.5809          
 -16 -36  40    16  36  40    81     135    66  1.53   1.0p   I+  0.953    0.6  1.39 2218.3  460.3  271.0 0.5555          
 -40  16  36    16  36  40   402    5457   130  9.70   1.0p   I-  1.195   37.8  1.39 2097.5 2118.4  303.1 0.6023 *        
 -36  40  16    16  36  40   209      83    50  1.20   1.0p   I-  1.195   -0.2  1.39 1612.8 2397.9  283.8 0.6600          
 -36  40 -16    16  36  40   217     129   136  1.49   1.0p   I+  1.188    0.3  1.39  867.2 2385.0  284.6 0.6589          
              Weighted mean, sd       91    32  I+       134    59  I-        73    38

 -17  22  17    17  22  17   238     173    54  0.35   1.0p   I-  1.139   -0.3  2.39 1572.7 1746.4  286.8 0.3574          
 -17  22 -17    17  22  17   255     186    56  0.36   1.0p   I+  1.134   -0.0  2.39  922.2 1735.6  288.5 0.3524          
 -17  17  22    17  22  17   284     221    71  0.39   1.0p   I-  1.134    0.5  2.39 1671.2 1671.9  291.4 0.3161          
 -17  17 -22    17  22  17   311     645    64  0.67   1.0p   I+  1.130    6.3  2.39  829.5 1661.3  294.1 0.3106 *        
 -22  17  17    17  22  17   383     179    55  0.35   1.0p   I-  1.157   -0.2  2.39 1576.4 1744.0  301.2 0.3562          
 -22  17 -17    17  22  17   403     190    57  0.36   1.0p   I+  1.170    0.1  2.39  926.1 1738.1  303.2 0.3537          
              Weighted mean, sd      187    26  I+       188    40  I-       186    34

  17 -45 -18    17  45  18   410     269    96  1.59   1.0p   I+  1.249    0.2  1.52  880.1  217.3  303.9 0.6024          
 -17  45  18    17  45  18    11     147    57  1.17   1.0p   I-  1.085   -2.2  1.52 1631.7 2234.1  264.1 0.6023          
  17 -45  18    17  45  18   422     978   111  3.03   1.0p   I-  1.272    6.2  1.52 1676.2  232.8  305.2 0.5985 *        
 -18  17  45    17  45  18    35     310    63  1.70   1.0p   I-  0.882    1.0  1.52 2248.9 1646.5  266.4 0.3441          
 -18  17 -45    17  45  18    79     319    63  1.73   1.0p   I+  0.874    1.2  1.52  257.9 1619.6  270.8 0.3274          
              Weighted mean, sd      253    33  I+       304    53  I-       220    42

 -18 -31  41    18  31  41    30     -15    61 -0.46   1.0p   I+  0.929   -0.5  1.43 2220.0  554.2  266.0 0.5036          
 -18  31 -41    18  31  41     8      15    34  0.45   1.0p   I+  0.887    0.0  1.43  307.2 1905.5  263.7 0.5114          
 -41  18  31    18  31  41   413      30    69  0.66   1.0p   I-  1.232    0.2  1.43 1965.5 2158.1  304.3 0.6029          
 -41  18 -31    18  31  41   438      28    65  0.63   1.0p   I+  1.225    0.2  1.43  548.5 2154.2  306.8 0.6032          
 -31  41  18    18  31  41   163      19    72  0.52   1.0p   I-  1.152    0.1  1.43 1649.9 2328.3  279.2 0.6387          
 -31  41 -18    18  31  41   172     645    95  3.02   1.0p   I+  1.141    6.3  1.43  827.0 2312.4  280.1 0.6367 *        
              Weighted mean, sd       14    24  I+        11    27  I-        25    50

 -20 -36  38    20  36  38    11     111    75  1.38   1.0p   I+  0.955    0.1  1.39 2170.8  409.6  264.1 0.5747          
 -20  36 -38    20  36  38    22     102    47  1.32   1.0p   I+  0.892   -0.0  1.39  356.8 2047.2  265.1 0.5797          
 -38  20  36    20  36  38   344    4021   125  8.28   1.0p   I-  1.160   28.8  1.39 2093.3 2117.7  297.3 0.6014 *        
 -36  38  20    20  36  38   217      95    62  1.28   1.0p   I-  1.175   -0.1  1.39 1707.1 2361.5  284.6 0.6545          
 -36  38 -20    20  36  38   227     129   140  1.48   1.0p   I+  1.169    0.2  1.39  776.1 2346.3  285.7 0.6529          
              Weighted mean, sd      103    33  I+       106    38  I-        95    62

 -27  32 -37    27  32  37   142      50    57  0.92   1.0p   I+  0.969   -0.2  1.39  385.4 2070.0  277.2 0.5867          
 -37  27  32    27  32  37   283      47    77  0.89   1.0p   I-  1.153   -0.2  1.39 1993.5 2194.7  291.3 0.6215          
 -37  27 -32    27  32  37   305      96    94  1.27   1.0p   I+  1.165    0.4  1.39  506.9 2179.6  293.5 0.6191          
 -32  37  27    27  32  37   174      67    74  1.06   1.0p   I-  1.099    0.1  1.39 1869.1 2277.5  280.3 0.6396          
 -32  37 -27    27  32  37   188     734    94  3.51   1.0p   I+  1.089    6.4  1.39  614.6 2255.7  281.8 0.6362 *        
              Weighted mean, sd       60    36  I+        62    49  I-        57    53

 -28  33  31    28  33  31   160      94    81  1.06   1.0p   I-  1.051   -0.0  1.46 1943.2 2127.1  278.9 0.5868          
 -28  33 -31    28  33  31   178     129   104  1.24   1.0p   I+  1.041    0.3  1.46  544.8 2103.2  280.8 0.5810          
 -31  28  33    28  33  31   224      93    49  1.05   1.0p   I-  1.074   -0.1  1.46 1992.4 2087.6  285.4 0.5747          
 -31  28 -33    28  33  31   247     101    53  1.10   1.0p   I+  1.078    0.1  1.46  503.8 2068.1  287.7 0.5699          
 -33  31  28    28  33  31   236      83    61  1.00   1.0p   I-  1.124   -0.2  1.46 1877.7 2173.2  286.6 0.5993          
 -33  31 -28    28  33  31   254     744   100  2.98   1.0p   I+  1.127    6.1  1.46  614.7 2155.5  288.4 0.5959 *        
              Weighted mean, sd       96    28  I+       106    47  I-        90    35

 -28  34  30    28  34  30   156     126    82  1.23   1.0p   I-  1.056    0.3  1.46 1920.3 2146.2  278.6 0.5925          
 -28  34 -30    28  34  30   173     152   104  1.35   1.0p   I+  1.045    0.5  1.46  566.2 2122.3  280.3 0.5870          
 -30  28  34    28  34  30   209      81    48  0.98   1.0p   I-  1.056   -0.5  1.46 2015.2 2070.0  283.9 0.5693          
 -30  28 -34    28  34  30   233      84    56  1.01   1.0p   I+  1.054   -0.4  1.46  480.6 2049.1  286.2 0.5638          
 -34  30  28    28  34  30   254     143    80  1.31   1.0p   I-  1.142    0.5  1.46 1879.0 2174.3  288.3 0.5999          
 -34  30 -28    28  34  30   272     758   102  3.02   1.0p   I+  1.148    6.1  1.46  615.2 2158.0  290.2 0.5968 *        
              Weighted mean, sd      101    29  I+        99    49  I-       103    37
